snow 255 250 250 1.00 0.98 0.98
ghostwhite 248 248 255 0.97 0.97 1.00
GhostWhite 248 248 255 0.97 0.97 1.00
whitesmoke 245 245 245 0.96 0.96 0.96
WhiteSmoke 245 245 245 0.96 0.96 0.96
gainsboro 220 220 220 0.86 0.86 0.86
floralwhite 255 250 240 1.00 0.98 0.94
FloralWhite 255 250 240 1.00 0.98 0.94
oldlace 253 245 230 0.99 0.96 0.90
OldLace 253 245 230 0.99 0.96 0.90
linen 250 240 230 0.98 0.94 0.90
antiquewhite 250 235 215 0.98 0.92 0.84
AntiqueWhite 250 235 215 0.98 0.92 0.84
papayawhip 255 239 213 1.00 0.94 0.84
PapayaWhip 255 239 213 1.00 0.94 0.84
blanchedalmond 255 235 205 1.00 0.92 0.80
BlanchedAlmond 255 235 205 1.00 0.92 0.80
bisque 255 228 196 1.00 0.89 0.77
peachpuff 255 218 185 1.00 0.85 0.73
PeachPuff 255 218 185 1.00 0.85 0.73
navajowhite 255 222 173 1.00 0.87 0.68
NavajoWhite 255 222 173 1.00 0.87 0.68
moccasin 255 228 181 1.00 0.89 0.71
cornsilk 255 248 220 1.00 0.97 0.86
ivory 255 255 240 1.00 1.00 0.94
lemonchiffon 255 250 205 1.00 0.98 0.80
LemonChiffon 255 250 205 1.00 0.98 0.80
seashell 255 245 238 1.00 0.96 0.93
honeydew 240 255 240 0.94 1.00 0.94
mintcream 245 255 250 0.96 1.00 0.98
MintCream 245 255 250 0.96 1.00 0.98
azure 240 255 255 0.94 1.00 1.00
aliceblue 240 248 255 0.94 0.97 1.00
AliceBlue 240 248 255 0.94 0.97 1.00
lavender 230 230 250 0.90 0.90 0.98
lavenderblush 255 240 245 1.00 0.94 0.96
LavenderBlush 255 240 245 1.00 0.94 0.96
mistyrose 255 228 225 1.00 0.89 0.88
MistyRose 255 228 225 1.00 0.89 0.88
white 255 255 255 1.00 1.00 1.00
black 0 0 0 0.00 0.00 0.00
darkslategray 47 79 79 0.18 0.31 0.31
DarkSlateGray 47 79 79 0.18 0.31 0.31
darkslategrey 47 79 79 0.18 0.31 0.31
DarkSlateGrey 47 79 79 0.18 0.31 0.31
dimgray 105 105 105 0.41 0.41 0.41
DimGray 105 105 105 0.41 0.41 0.41
dimgrey 105 105 105 0.41 0.41 0.41
DimGrey 105 105 105 0.41 0.41 0.41
slategray 112 128 144 0.44 0.50 0.56
SlateGray 112 128 144 0.44 0.50 0.56
slategrey 112 128 144 0.44 0.50 0.56
SlateGrey 112 128 144 0.44 0.50 0.56
lightslategray 119 136 153 0.47 0.53 0.60
LightSlateGray 119 136 153 0.47 0.53 0.60
lightslategrey 119 136 153 0.47 0.53 0.60
LightSlateGrey 119 136 153 0.47 0.53 0.60
gray 190 190 190 0.75 0.75 0.75
grey 190 190 190 0.75 0.75 0.75
lightgrey 211 211 211 0.83 0.83 0.83
LightGrey 211 211 211 0.83 0.83 0.83
lightgray 211 211 211 0.83 0.83 0.83
LightGray 211 211 211 0.83 0.83 0.83
midnightblue 25 25 112 0.10 0.10 0.44
MidnightBlue 25 25 112 0.10 0.10 0.44
navy 0 0 128 0.00 0.00 0.50
navyblue 0 0 128 0.00 0.00 0.50
NavyBlue 0 0 128 0.00 0.00 0.50
cornflowerblue 100 149 237 0.39 0.58 0.93
CornflowerBlue 100 149 237 0.39 0.58 0.93
darkslateblue 72 61 139 0.28 0.24 0.55
DarkSlateBlue 72 61 139 0.28 0.24 0.55
slateblue 106 90 205 0.42 0.35 0.80
SlateBlue 106 90 205 0.42 0.35 0.80
mediumslateblue 123 104 238 0.48 0.41 0.93
MediumSlateBlue 123 104 238 0.48 0.41 0.93
lightslateblue 132 112 255 0.52 0.44 1.00
LightSlateBlue 132 112 255 0.52 0.44 1.00
mediumblue 0 0 205 0.00 0.00 0.80
MediumBlue 0 0 205 0.00 0.00 0.80
royalblue 65 105 225 0.25 0.41 0.88
RoyalBlue 65 105 225 0.25 0.41 0.88
blue 0 0 255 0.00 0.00 1.00
dodgerblue 30 144 255 0.12 0.56 1.00
DodgerBlue 30 144 255 0.12 0.56 1.00
deepskyblue 0 191 255 0.00 0.75 1.00
DeepSkyBlue 0 191 255 0.00 0.75 1.00
skyblue 135 206 235 0.53 0.81 0.92
SkyBlue 135 206 235 0.53 0.81 0.92
lightskyblue 135 206 250 0.53 0.81 0.98
LightSkyBlue 135 206 250 0.53 0.81 0.98
steelblue 70 130 180 0.27 0.51 0.71
SteelBlue 70 130 180 0.27 0.51 0.71
lightsteelblue 176 196 222 0.69 0.77 0.87
LightSteelBlue 176 196 222 0.69 0.77 0.87
lightblue 173 216 230 0.68 0.85 0.90
LightBlue 173 216 230 0.68 0.85 0.90
powderblue 176 224 230 0.69 0.88 0.90
PowderBlue 176 224 230 0.69 0.88 0.90
paleturquoise 175 238 238 0.69 0.93 0.93
PaleTurquoise 175 238 238 0.69 0.93 0.93
darkturquoise 0 206 209 0.00 0.81 0.82
DarkTurquoise 0 206 209 0.00 0.81 0.82
mediumturquoise 72 209 204 0.28 0.82 0.80
MediumTurquoise 72 209 204 0.28 0.82 0.80
turquoise 64 224 208 0.25 0.88 0.82
cyan 0 255 255 0.00 1.00 1.00
lightcyan 224 255 255 0.88 1.00 1.00
LightCyan 224 255 255 0.88 1.00 1.00
cadetblue 95 158 160 0.37 0.62 0.63
CadetBlue 95 158 160 0.37 0.62 0.63
mediumaquamarine 102 205 170 0.40 0.80 0.67
MediumAquamarine 102 205 170 0.40 0.80 0.67
aquamarine 127 255 212 0.50 1.00 0.83
darkgreen 0 100 0 0.00 0.39 0.00
DarkGreen 0 100 0 0.00 0.39 0.00
darkolivegreen 85 107 47 0.33 0.42 0.18
DarkOliveGreen 85 107 47 0.33 0.42 0.18
darkseagreen 143 188 143 0.56 0.74 0.56
DarkSeaGreen 143 188 143 0.56 0.74 0.56
seagreen 46 139 87 0.18 0.55 0.34
SeaGreen 46 139 87 0.18 0.55 0.34
mediumseagreen 60 179 113 0.24 0.70 0.44
MediumSeaGreen 60 179 113 0.24 0.70 0.44
lightseagreen 32 178 170 0.13 0.70 0.67
LightSeaGreen 32 178 170 0.13 0.70 0.67
palegreen 152 251 152 0.60 0.98 0.60
PaleGreen 152 251 152 0.60 0.98 0.60
springgreen 0 255 127 0.00 1.00 0.50
SpringGreen 0 255 127 0.00 1.00 0.50
lawngreen 124 252 0 0.49 0.99 0.00
LawnGreen 124 252 0 0.49 0.99 0.00
green 0 255 0 0.00 1.00 0.00
chartreuse 127 255 0 0.50 1.00 0.00
mediumspringgreen 0 250 154 0.00 0.98 0.60
MediumSpringGreen 0 250 154 0.00 0.98 0.60
greenyellow 173 255 47 0.68 1.00 0.18
GreenYellow 173 255 47 0.68 1.00 0.18
limegreen 50 205 50 0.20 0.80 0.20
LimeGreen 50 205 50 0.20 0.80 0.20
yellowgreen 154 205 50 0.60 0.80 0.20
YellowGreen 154 205 50 0.60 0.80 0.20
forestgreen 34 139 34 0.13 0.55 0.13
ForestGreen 34 139 34 0.13 0.55 0.13
olivedrab 107 142 35 0.42 0.56 0.14
OliveDrab 107 142 35 0.42 0.56 0.14
darkkhaki 189 183 107 0.74 0.72 0.42
DarkKhaki 189 183 107 0.74 0.72 0.42
khaki 240 230 140 0.94 0.90 0.55
palegoldenrod 238 232 170 0.93 0.91 0.67
PaleGoldenrod 238 232 170 0.93 0.91 0.67
lightgoldenrodyellow 250 250 210 0.98 0.98 0.82
LightGoldenrodYellow 250 250 210 0.98 0.98 0.82
lightyellow 255 255 224 1.00 1.00 0.88
LightYellow 255 255 224 1.00 1.00 0.88
yellow 255 255 0 1.00 1.00 0.00
gold 255 215 0 1.00 0.84 0.00
lightgoldenrod 238 221 130 0.93 0.87 0.51
LightGoldenrod 238 221 130 0.93 0.87 0.51
goldenrod 218 165 32 0.85 0.65 0.13
darkgoldenrod 184 134 11 0.72 0.53 0.04
DarkGoldenrod 184 134 11 0.72 0.53 0.04
rosybrown 188 143 143 0.74 0.56 0.56
RosyBrown 188 143 143 0.74 0.56 0.56
indianred 205 92 92 0.80 0.36 0.36
IndianRed 205 92 92 0.80 0.36 0.36
saddlebrown 139 69 19 0.55 0.27 0.07
SaddleBrown 139 69 19 0.55 0.27 0.07
sienna 160 82 45 0.63 0.32 0.18
peru 205 133 63 0.80 0.52 0.25
burlywood 222 184 135 0.87 0.72 0.53
beige 245 245 220 0.96 0.96 0.86
wheat 245 222 179 0.96 0.87 0.70
sandybrown 244 164 96 0.96 0.64 0.38
SandyBrown 244 164 96 0.96 0.64 0.38
tan 210 180 140 0.82 0.71 0.55
chocolate 210 105 30 0.82 0.41 0.12
firebrick 178 34 34 0.70 0.13 0.13
brown 165 42 42 0.65 0.16 0.16
darksalmon 233 150 122 0.91 0.59 0.48
DarkSalmon 233 150 122 0.91 0.59 0.48
salmon 250 128 114 0.98 0.50 0.45
lightsalmon 255 160 122 1.00 0.63 0.48
LightSalmon 255 160 122 1.00 0.63 0.48
orange 255 165 0 1.00 0.65 0.00
darkorange 255 140 0 1.00 0.55 0.00
DarkOrange 255 140 0 1.00 0.55 0.00
coral 255 127 80 1.00 0.50 0.31
lightcoral 240 128 128 0.94 0.50 0.50
LightCoral 240 128 128 0.94 0.50 0.50
tomato 255 99 71 1.00 0.39 0.28
orangered 255 69 0 1.00 0.27 0.00
OrangeRed 255 69 0 1.00 0.27 0.00
red 255 0 0 1.00 0.00 0.00
hotpink 255 105 180 1.00 0.41 0.71
HotPink 255 105 180 1.00 0.41 0.71
deeppink 255 20 147 1.00 0.08 0.58
DeepPink 255 20 147 1.00 0.08 0.58
pink 255 192 203 1.00 0.75 0.80
lightpink 255 182 193 1.00 0.71 0.76
LightPink 255 182 193 1.00 0.71 0.76
palevioletred 219 112 147 0.86 0.44 0.58
PaleVioletRed 219 112 147 0.86 0.44 0.58
maroon 176 48 96 0.69 0.19 0.38
mediumvioletred 199 21 133 0.78 0.08 0.52
MediumVioletRed 199 21 133 0.78 0.08 0.52
violetred 208 32 144 0.82 0.13 0.56
VioletRed 208 32 144 0.82 0.13 0.56
magenta 255 0 255 1.00 0.00 1.00
violet 238 130 238 0.93 0.51 0.93
plum 221 160 221 0.87 0.63 0.87
orchid 218 112 214 0.85 0.44 0.84
mediumorchid 186 85 211 0.73 0.33 0.83
MediumOrchid 186 85 211 0.73 0.33 0.83
darkorchid 153 50 204 0.60 0.20 0.80
DarkOrchid 153 50 204 0.60 0.20 0.80
darkviolet 148 0 211 0.58 0.00 0.83
DarkViolet 148 0 211 0.58 0.00 0.83
blueviolet 138 43 226 0.54 0.17 0.89
BlueViolet 138 43 226 0.54 0.17 0.89
purple 160 32 240 0.63 0.13 0.94
mediumpurple 147 112 219 0.58 0.44 0.86
MediumPurple 147 112 219 0.58 0.44 0.86
thistle 216 191 216 0.85 0.75 0.85
snow1 255 250 250 1.00 0.98 0.98
snow2 238 233 233 0.93 0.91 0.91
snow3 205 201 201 0.80 0.79 0.79
snow4 139 137 137 0.55 0.54 0.54
seashell1 255 245 238 1.00 0.96 0.93
seashell2 238 229 222 0.93 0.90 0.87
seashell3 205 197 191 0.80 0.77 0.75
seashell4 139 134 130 0.55 0.53 0.51
AntiqueWhite1 255 239 219 1.00 0.94 0.86
AntiqueWhite2 238 223 204 0.93 0.87 0.80
AntiqueWhite3 205 192 176 0.80 0.75 0.69
AntiqueWhite4 139 131 120 0.55 0.51 0.47
bisque1 255 228 196 1.00 0.89 0.77
bisque2 238 213 183 0.93 0.84 0.72
bisque3 205 183 158 0.80 0.72 0.62
bisque4 139 125 107 0.55 0.49 0.42
PeachPuff1 255 218 185 1.00 0.85 0.73
PeachPuff2 238 203 173 0.93 0.80 0.68
PeachPuff3 205 175 149 0.80 0.69 0.58
PeachPuff4 139 119 101 0.55 0.47 0.40
NavajoWhite1 255 222 173 1.00 0.87 0.68
NavajoWhite2 238 207 161 0.93 0.81 0.63
NavajoWhite3 205 179 139 0.80 0.70 0.55
NavajoWhite4 139 121 94 0.55 0.47 0.37
LemonChiffon1 255 250 205 1.00 0.98 0.80
LemonChiffon2 238 233 191 0.93 0.91 0.75
LemonChiffon3 205 201 165 0.80 0.79 0.65
LemonChiffon4 139 137 112 0.55 0.54 0.44
cornsilk1 255 248 220 1.00 0.97 0.86
cornsilk2 238 232 205 0.93 0.91 0.80
cornsilk3 205 200 177 0.80 0.78 0.69
cornsilk4 139 136 120 0.55 0.53 0.47
ivory1 255 255 240 1.00 1.00 0.94
ivory2 238 238 224 0.93 0.93 0.88
ivory3 205 205 193 0.80 0.80 0.76
ivory4 139 139 131 0.55 0.55 0.51
honeydew1 240 255 240 0.94 1.00 0.94
honeydew2 224 238 224 0.88 0.93 0.88
honeydew3 193 205 193 0.76 0.80 0.76
honeydew4 131 139 131 0.51 0.55 0.51
LavenderBlush1 255 240 245 1.00 0.94 0.96
LavenderBlush2 238 224 229 0.93 0.88 0.90
LavenderBlush3 205 193 197 0.80 0.76 0.77
LavenderBlush4 139 131 134 0.55 0.51 0.53
MistyRose1 255 228 225 1.00 0.89 0.88
MistyRose2 238 213 210 0.93 0.84 0.82
MistyRose3 205 183 181 0.80 0.72 0.71
MistyRose4 139 125 123 0.55 0.49 0.48
azure1 240 255 255 0.94 1.00 1.00
azure2 224 238 238 0.88 0.93 0.93
azure3 193 205 205 0.76 0.80 0.80
azure4 131 139 139 0.51 0.55 0.55
SlateBlue1 131 111 255 0.51 0.44 1.00
SlateBlue2 122 103 238 0.48 0.40 0.93
SlateBlue3 105 89 205 0.41 0.35 0.80
SlateBlue4 71 60 139 0.28 0.24 0.55
RoyalBlue1 72 118 255 0.28 0.46 1.00
RoyalBlue2 67 110 238 0.26 0.43 0.93
RoyalBlue3 58 95 205 0.23 0.37 0.80
RoyalBlue4 39 64 139 0.15 0.25 0.55
blue1 0 0 255 0.00 0.00 1.00
blue2 0 0 238 0.00 0.00 0.93
blue3 0 0 205 0.00 0.00 0.80
blue4 0 0 139 0.00 0.00 0.55
DodgerBlue1 30 144 255 0.12 0.56 1.00
DodgerBlue2 28 134 238 0.11 0.53 0.93
DodgerBlue3 24 116 205 0.09 0.45 0.80
DodgerBlue4 16 78 139 0.06 0.31 0.55
SteelBlue1 99 184 255 0.39 0.72 1.00
SteelBlue2 92 172 238 0.36 0.67 0.93
SteelBlue3 79 148 205 0.31 0.58 0.80
SteelBlue4 54 100 139 0.21 0.39 0.55
DeepSkyBlue1 0 191 255 0.00 0.75 1.00
DeepSkyBlue2 0 178 238 0.00 0.70 0.93
DeepSkyBlue3 0 154 205 0.00 0.60 0.80
DeepSkyBlue4 0 104 139 0.00 0.41 0.55
SkyBlue1 135 206 255 0.53 0.81 1.00
SkyBlue2 126 192 238 0.49 0.75 0.93
SkyBlue3 108 166 205 0.42 0.65 0.80
SkyBlue4 74 112 139 0.29 0.44 0.55
LightSkyBlue1 176 226 255 0.69 0.89 1.00
LightSkyBlue2 164 211 238 0.64 0.83 0.93
LightSkyBlue3 141 182 205 0.55 0.71 0.80
LightSkyBlue4 96 123 139 0.38 0.48 0.55
SlateGray1 198 226 255 0.78 0.89 1.00
SlateGray2 185 211 238 0.73 0.83 0.93
SlateGray3 159 182 205 0.62 0.71 0.80
SlateGray4 108 123 139 0.42 0.48 0.55
LightSteelBlue1 202 225 255 0.79 0.88 1.00
LightSteelBlue2 188 210 238 0.74 0.82 0.93
LightSteelBlue3 162 181 205 0.64 0.71 0.80
LightSteelBlue4 110 123 139 0.43 0.48 0.55
LightBlue1 191 239 255 0.75 0.94 1.00
LightBlue2 178 223 238 0.70 0.87 0.93
LightBlue3 154 192 205 0.60 0.75 0.80
LightBlue4 104 131 139 0.41 0.51 0.55
LightCyan1 224 255 255 0.88 1.00 1.00
LightCyan2 209 238 238 0.82 0.93 0.93
LightCyan3 180 205 205 0.71 0.80 0.80
LightCyan4 122 139 139 0.48 0.55 0.55
PaleTurquoise1 187 255 255 0.73 1.00 1.00
PaleTurquoise2 174 238 238 0.68 0.93 0.93
PaleTurquoise3 150 205 205 0.59 0.80 0.80
PaleTurquoise4 102 139 139 0.40 0.55 0.55
CadetBlue1 152 245 255 0.60 0.96 1.00
CadetBlue2 142 229 238 0.56 0.90 0.93
CadetBlue3 122 197 205 0.48 0.77 0.80
CadetBlue4 83 134 139 0.33 0.53 0.55
turquoise1 0 245 255 0.00 0.96 1.00
turquoise2 0 229 238 0.00 0.90 0.93
turquoise3 0 197 205 0.00 0.77 0.80
turquoise4 0 134 139 0.00 0.53 0.55
cyan1 0 255 255 0.00 1.00 1.00
cyan2 0 238 238 0.00 0.93 0.93
cyan3 0 205 205 0.00 0.80 0.80
cyan4 0 139 139 0.00 0.55 0.55
DarkSlateGray1 151 255 255 0.59 1.00 1.00
DarkSlateGray2 141 238 238 0.55 0.93 0.93
DarkSlateGray3 121 205 205 0.47 0.80 0.80
DarkSlateGray4 82 139 139 0.32 0.55 0.55
aquamarine1 127 255 212 0.50 1.00 0.83
aquamarine2 118 238 198 0.46 0.93 0.78
aquamarine3 102 205 170 0.40 0.80 0.67
aquamarine4 69 139 116 0.27 0.55 0.45
DarkSeaGreen1 193 255 193 0.76 1.00 0.76
DarkSeaGreen2 180 238 180 0.71 0.93 0.71
DarkSeaGreen3 155 205 155 0.61 0.80 0.61
DarkSeaGreen4 105 139 105 0.41 0.55 0.41
SeaGreen1 84 255 159 0.33 1.00 0.62
SeaGreen2 78 238 148 0.31 0.93 0.58
SeaGreen3 67 205 128 0.26 0.80 0.50
SeaGreen4 46 139 87 0.18 0.55 0.34
PaleGreen1 154 255 154 0.60 1.00 0.60
PaleGreen2 144 238 144 0.56 0.93 0.56
PaleGreen3 124 205 124 0.49 0.80 0.49
PaleGreen4 84 139 84 0.33 0.55 0.33
SpringGreen1 0 255 127 0.00 1.00 0.50
SpringGreen2 0 238 118 0.00 0.93 0.46
SpringGreen3 0 205 102 0.00 0.80 0.40
SpringGreen4 0 139 69 0.00 0.55 0.27
green1 0 255 0 0.00 1.00 0.00
green2 0 238 0 0.00 0.93 0.00
green3 0 205 0 0.00 0.80 0.00
green4 0 139 0 0.00 0.55 0.00
chartreuse1 127 255 0 0.50 1.00 0.00
chartreuse2 118 238 0 0.46 0.93 0.00
chartreuse3 102 205 0 0.40 0.80 0.00
chartreuse4 69 139 0 0.27 0.55 0.00
OliveDrab1 192 255 62 0.75 1.00 0.24
OliveDrab2 179 238 58 0.70 0.93 0.23
OliveDrab3 154 205 50 0.60 0.80 0.20
OliveDrab4 105 139 34 0.41 0.55 0.13
DarkOliveGreen1 202 255 112 0.79 1.00 0.44
DarkOliveGreen2 188 238 104 0.74 0.93 0.41
DarkOliveGreen3 162 205 90 0.64 0.80 0.35
DarkOliveGreen4 110 139 61 0.43 0.55 0.24
khaki1 255 246 143 1.00 0.96 0.56
khaki2 238 230 133 0.93 0.90 0.52
khaki3 205 198 115 0.80 0.78 0.45
khaki4 139 134 78 0.55 0.53 0.31
LightGoldenrod1 255 236 139 1.00 0.93 0.55
LightGoldenrod2 238 220 130 0.93 0.86 0.51
LightGoldenrod3 205 190 112 0.80 0.75 0.44
LightGoldenrod4 139 129 76 0.55 0.51 0.30
LightYellow1 255 255 224 1.00 1.00 0.88
LightYellow2 238 238 209 0.93 0.93 0.82
LightYellow3 205 205 180 0.80 0.80 0.71
LightYellow4 139 139 122 0.55 0.55 0.48
yellow1 255 255 0 1.00 1.00 0.00
yellow2 238 238 0 0.93 0.93 0.00
yellow3 205 205 0 0.80 0.80 0.00
yellow4 139 139 0 0.55 0.55 0.00
gold1 255 215 0 1.00 0.84 0.00
gold2 238 201 0 0.93 0.79 0.00
gold3 205 173 0 0.80 0.68 0.00
gold4 139 117 0 0.55 0.46 0.00
goldenrod1 255 193 37 1.00 0.76 0.15
goldenrod2 238 180 34 0.93 0.71 0.13
goldenrod3 205 155 29 0.80 0.61 0.11
goldenrod4 139 105 20 0.55 0.41 0.08
DarkGoldenrod1 255 185 15 1.00 0.73 0.06
DarkGoldenrod2 238 173 14 0.93 0.68 0.05
DarkGoldenrod3 205 149 12 0.80 0.58 0.05
DarkGoldenrod4 139 101 8 0.55 0.40 0.03
RosyBrown1 255 193 193 1.00 0.76 0.76
RosyBrown2 238 180 180 0.93 0.71 0.71
RosyBrown3 205 155 155 0.80 0.61 0.61
RosyBrown4 139 105 105 0.55 0.41 0.41
IndianRed1 255 106 106 1.00 0.42 0.42
IndianRed2 238 99 99 0.93 0.39 0.39
IndianRed3 205 85 85 0.80 0.33 0.33
IndianRed4 139 58 58 0.55 0.23 0.23
sienna1 255 130 71 1.00 0.51 0.28
sienna2 238 121 66 0.93 0.47 0.26
sienna3 205 104 57 0.80 0.41 0.22
sienna4 139 71 38 0.55 0.28 0.15
burlywood1 255 211 155 1.00 0.83 0.61
burlywood2 238 197 145 0.93 0.77 0.57
burlywood3 205 170 125 0.80 0.67 0.49
burlywood4 139 115 85 0.55 0.45 0.33
wheat1 255 231 186 1.00 0.91 0.73
wheat2 238 216 174 0.93 0.85 0.68
wheat3 205 186 150 0.80 0.73 0.59
wheat4 139 126 102 0.55 0.49 0.40
tan1 255 165 79 1.00 0.65 0.31
tan2 238 154 73 0.93 0.60 0.29
tan3 205 133 63 0.80 0.52 0.25
tan4 139 90 43 0.55 0.35 0.17
chocolate1 255 127 36 1.00 0.50 0.14
chocolate2 238 118 33 0.93 0.46 0.13
chocolate3 205 102 29 0.80 0.40 0.11
chocolate4 139 69 19 0.55 0.27 0.07
firebrick1 255 48 48 1.00 0.19 0.19
firebrick2 238 44 44 0.93 0.17 0.17
firebrick3 205 38 38 0.80 0.15 0.15
firebrick4 139 26 26 0.55 0.10 0.10
brown1 255 64 64 1.00 0.25 0.25
brown2 238 59 59 0.93 0.23 0.23
brown3 205 51 51 0.80 0.20 0.20
brown4 139 35 35 0.55 0.14 0.14
salmon1 255 140 105 1.00 0.55 0.41
salmon2 238 130 98 0.93 0.51 0.38
salmon3 205 112 84 0.80 0.44 0.33
salmon4 139 76 57 0.55 0.30 0.22
LightSalmon1 255 160 122 1.00 0.63 0.48
LightSalmon2 238 149 114 0.93 0.58 0.45
LightSalmon3 205 129 98 0.80 0.51 0.38
LightSalmon4 139 87 66 0.55 0.34 0.26
orange1 255 165 0 1.00 0.65 0.00
orange2 238 154 0 0.93 0.60 0.00
orange3 205 133 0 0.80 0.52 0.00
orange4 139 90 0 0.55 0.35 0.00
DarkOrange1 255 127 0 1.00 0.50 0.00
DarkOrange2 238 118 0 0.93 0.46 0.00
DarkOrange3 205 102 0 0.80 0.40 0.00
DarkOrange4 139 69 0 0.55 0.27 0.00
coral1 255 114 86 1.00 0.45 0.34
coral2 238 106 80 0.93 0.42 0.31
coral3 205 91 69 0.80 0.36 0.27
coral4 139 62 47 0.55 0.24 0.18
tomato1 255 99 71 1.00 0.39 0.28
tomato2 238 92 66 0.93 0.36 0.26
tomato3 205 79 57 0.80 0.31 0.22
tomato4 139 54 38 0.55 0.21 0.15
OrangeRed1 255 69 0 1.00 0.27 0.00
OrangeRed2 238 64 0 0.93 0.25 0.00
OrangeRed3 205 55 0 0.80 0.22 0.00
OrangeRed4 139 37 0 0.55 0.15 0.00
red1 255 0 0 1.00 0.00 0.00
red2 238 0 0 0.93 0.00 0.00
red3 205 0 0 0.80 0.00 0.00
red4 139 0 0 0.55 0.00 0.00
DeepPink1 255 20 147 1.00 0.08 0.58
DeepPink2 238 18 137 0.93 0.07 0.54
DeepPink3 205 16 118 0.80 0.06 0.46
DeepPink4 139 10 80 0.55 0.04 0.31
HotPink1 255 110 180 1.00 0.43 0.71
HotPink2 238 106 167 0.93 0.42 0.65
HotPink3 205 96 144 0.80 0.38 0.56
HotPink4 139 58 98 0.55 0.23 0.38
pink1 255 181 197 1.00 0.71 0.77
pink2 238 169 184 0.93 0.66 0.72
pink3 205 145 158 0.80 0.57 0.62
pink4 139 99 108 0.55 0.39 0.42
LightPink1 255 174 185 1.00 0.68 0.73
LightPink2 238 162 173 0.93 0.64 0.68
LightPink3 205 140 149 0.80 0.55 0.58
LightPink4 139 95 101 0.55 0.37 0.40
PaleVioletRed1 255 130 171 1.00 0.51 0.67
PaleVioletRed2 238 121 159 0.93 0.47 0.62
PaleVioletRed3 205 104 137 0.80 0.41 0.54
PaleVioletRed4 139 71 93 0.55 0.28 0.36
maroon1 255 52 179 1.00 0.20 0.70
maroon2 238 48 167 0.93 0.19 0.65
maroon3 205 41 144 0.80 0.16 0.56
maroon4 139 28 98 0.55 0.11 0.38
VioletRed1 255 62 150 1.00 0.24 0.59
VioletRed2 238 58 140 0.93 0.23 0.55
VioletRed3 205 50 120 0.80 0.20 0.47
VioletRed4 139 34 82 0.55 0.13 0.32
magenta1 255 0 255 1.00 0.00 1.00
magenta2 238 0 238 0.93 0.00 0.93
magenta3 205 0 205 0.80 0.00 0.80
magenta4 139 0 139 0.55 0.00 0.55
orchid1 255 131 250 1.00 0.51 0.98
orchid2 238 122 233 0.93 0.48 0.91
orchid3 205 105 201 0.80 0.41 0.79
orchid4 139 71 137 0.55 0.28 0.54
plum1 255 187 255 1.00 0.73 1.00
plum2 238 174 238 0.93 0.68 0.93
plum3 205 150 205 0.80 0.59 0.80
plum4 139 102 139 0.55 0.40 0.55
MediumOrchid1 224 102 255 0.88 0.40 1.00
MediumOrchid2 209 95 238 0.82 0.37 0.93
MediumOrchid3 180 82 205 0.71 0.32 0.80
MediumOrchid4 122 55 139 0.48 0.22 0.55
DarkOrchid1 191 62 255 0.75 0.24 1.00
DarkOrchid2 178 58 238 0.70 0.23 0.93
DarkOrchid3 154 50 205 0.60 0.20 0.80
DarkOrchid4 104 34 139 0.41 0.13 0.55
purple1 155 48 255 0.61 0.19 1.00
purple2 145 44 238 0.57 0.17 0.93
purple3 125 38 205 0.49 0.15 0.80
purple4 85 26 139 0.33 0.10 0.55
MediumPurple1 171 130 255 0.67 0.51 1.00
MediumPurple2 159 121 238 0.62 0.47 0.93
MediumPurple3 137 104 205 0.54 0.41 0.80
MediumPurple4 93 71 139 0.36 0.28 0.55
thistle1 255 225 255 1.00 0.88 1.00
thistle2 238 210 238 0.93 0.82 0.93
thistle3 205 181 205 0.80 0.71 0.80
thistle4 139 123 139 0.55 0.48 0.55
gray0 0 0 0 0.00 0.00 0.00
grey0 0 0 0 0.00 0.00 0.00
gray1 3 3 3 0.01 0.01 0.01
grey1 3 3 3 0.01 0.01 0.01
gray2 5 5 5 0.02 0.02 0.02
grey2 5 5 5 0.02 0.02 0.02
gray3 8 8 8 0.03 0.03 0.03
grey3 8 8 8 0.03 0.03 0.03
gray4 10 10 10 0.04 0.04 0.04
grey4 10 10 10 0.04 0.04 0.04
gray5 13 13 13 0.05 0.05 0.05
grey5 13 13 13 0.05 0.05 0.05
gray6 15 15 15 0.06 0.06 0.06
grey6 15 15 15 0.06 0.06 0.06
gray7 18 18 18 0.07 0.07 0.07
grey7 18 18 18 0.07 0.07 0.07
gray8 20 20 20 0.08 0.08 0.08
grey8 20 20 20 0.08 0.08 0.08
gray9 23 23 23 0.09 0.09 0.09
grey9 23 23 23 0.09 0.09 0.09
gray10 26 26 26 0.10 0.10 0.10
grey10 26 26 26 0.10 0.10 0.10
gray11 28 28 28 0.11 0.11 0.11
grey11 28 28 28 0.11 0.11 0.11
gray12 31 31 31 0.12 0.12 0.12
grey12 31 31 31 0.12 0.12 0.12
gray13 33 33 33 0.13 0.13 0.13
grey13 33 33 33 0.13 0.13 0.13
gray14 36 36 36 0.14 0.14 0.14
grey14 36 36 36 0.14 0.14 0.14
gray15 38 38 38 0.15 0.15 0.15
grey15 38 38 38 0.15 0.15 0.15
gray16 41 41 41 0.16 0.16 0.16
grey16 41 41 41 0.16 0.16 0.16
gray17 43 43 43 0.17 0.17 0.17
grey17 43 43 43 0.17 0.17 0.17
gray18 46 46 46 0.18 0.18 0.18
grey18 46 46 46 0.18 0.18 0.18
gray19 48 48 48 0.19 0.19 0.19
grey19 48 48 48 0.19 0.19 0.19
gray20 51 51 51 0.20 0.20 0.20
grey20 51 51 51 0.20 0.20 0.20
gray21 54 54 54 0.21 0.21 0.21
grey21 54 54 54 0.21 0.21 0.21
gray22 56 56 56 0.22 0.22 0.22
grey22 56 56 56 0.22 0.22 0.22
gray23 59 59 59 0.23 0.23 0.23
grey23 59 59 59 0.23 0.23 0.23
gray24 61 61 61 0.24 0.24 0.24
grey24 61 61 61 0.24 0.24 0.24
gray25 64 64 64 0.25 0.25 0.25
grey25 64 64 64 0.25 0.25 0.25
gray26 66 66 66 0.26 0.26 0.26
grey26 66 66 66 0.26 0.26 0.26
gray27 69 69 69 0.27 0.27 0.27
grey27 69 69 69 0.27 0.27 0.27
gray28 71 71 71 0.28 0.28 0.28
grey28 71 71 71 0.28 0.28 0.28
gray29 74 74 74 0.29 0.29 0.29
grey29 74 74 74 0.29 0.29 0.29
gray30 77 77 77 0.30 0.30 0.30
grey30 77 77 77 0.30 0.30 0.30
gray31 79 79 79 0.31 0.31 0.31
grey31 79 79 79 0.31 0.31 0.31
gray32 82 82 82 0.32 0.32 0.32
grey32 82 82 82 0.32 0.32 0.32
gray33 84 84 84 0.33 0.33 0.33
grey33 84 84 84 0.33 0.33 0.33
gray34 87 87 87 0.34 0.34 0.34
grey34 87 87 87 0.34 0.34 0.34
gray35 89 89 89 0.35 0.35 0.35
grey35 89 89 89 0.35 0.35 0.35
gray36 92 92 92 0.36 0.36 0.36
grey36 92 92 92 0.36 0.36 0.36
gray37 94 94 94 0.37 0.37 0.37
grey37 94 94 94 0.37 0.37 0.37
gray38 97 97 97 0.38 0.38 0.38
grey38 97 97 97 0.38 0.38 0.38
gray39 99 99 99 0.39 0.39 0.39
grey39 99 99 99 0.39 0.39 0.39
gray40 102 102 102 0.40 0.40 0.40
grey40 102 102 102 0.40 0.40 0.40
gray41 105 105 105 0.41 0.41 0.41
grey41 105 105 105 0.41 0.41 0.41
gray42 107 107 107 0.42 0.42 0.42
grey42 107 107 107 0.42 0.42 0.42
gray43 110 110 110 0.43 0.43 0.43
grey43 110 110 110 0.43 0.43 0.43
gray44 112 112 112 0.44 0.44 0.44
grey44 112 112 112 0.44 0.44 0.44
gray45 115 115 115 0.45 0.45 0.45
grey45 115 115 115 0.45 0.45 0.45
gray46 117 117 117 0.46 0.46 0.46
grey46 117 117 117 0.46 0.46 0.46
gray47 120 120 120 0.47 0.47 0.47
grey47 120 120 120 0.47 0.47 0.47
gray48 122 122 122 0.48 0.48 0.48
grey48 122 122 122 0.48 0.48 0.48
gray49 125 125 125 0.49 0.49 0.49
grey49 125 125 125 0.49 0.49 0.49
gray50 127 127 127 0.50 0.50 0.50
grey50 127 127 127 0.50 0.50 0.50
gray51 130 130 130 0.51 0.51 0.51
grey51 130 130 130 0.51 0.51 0.51
gray52 133 133 133 0.52 0.52 0.52
grey52 133 133 133 0.52 0.52 0.52
gray53 135 135 135 0.53 0.53 0.53
grey53 135 135 135 0.53 0.53 0.53
gray54 138 138 138 0.54 0.54 0.54
grey54 138 138 138 0.54 0.54 0.54
gray55 140 140 140 0.55 0.55 0.55
grey55 140 140 140 0.55 0.55 0.55
gray56 143 143 143 0.56 0.56 0.56
grey56 143 143 143 0.56 0.56 0.56
gray57 145 145 145 0.57 0.57 0.57
grey57 145 145 145 0.57 0.57 0.57
gray58 148 148 148 0.58 0.58 0.58
grey58 148 148 148 0.58 0.58 0.58
gray59 150 150 150 0.59 0.59 0.59
grey59 150 150 150 0.59 0.59 0.59
gray60 153 153 153 0.60 0.60 0.60
grey60 153 153 153 0.60 0.60 0.60
gray61 156 156 156 0.61 0.61 0.61
grey61 156 156 156 0.61 0.61 0.61
gray62 158 158 158 0.62 0.62 0.62
grey62 158 158 158 0.62 0.62 0.62
gray63 161 161 161 0.63 0.63 0.63
grey63 161 161 161 0.63 0.63 0.63
gray64 163 163 163 0.64 0.64 0.64
grey64 163 163 163 0.64 0.64 0.64
gray65 166 166 166 0.65 0.65 0.65
grey65 166 166 166 0.65 0.65 0.65
gray66 168 168 168 0.66 0.66 0.66
grey66 168 168 168 0.66 0.66 0.66
gray67 171 171 171 0.67 0.67 0.67
grey67 171 171 171 0.67 0.67 0.67
gray68 173 173 173 0.68 0.68 0.68
grey68 173 173 173 0.68 0.68 0.68
gray69 176 176 176 0.69 0.69 0.69
grey69 176 176 176 0.69 0.69 0.69
gray70 179 179 179 0.70 0.70 0.70
grey70 179 179 179 0.70 0.70 0.70
gray71 181 181 181 0.71 0.71 0.71
grey71 181 181 181 0.71 0.71 0.71
gray72 184 184 184 0.72 0.72 0.72
grey72 184 184 184 0.72 0.72 0.72
gray73 186 186 186 0.73 0.73 0.73
grey73 186 186 186 0.73 0.73 0.73
gray74 189 189 189 0.74 0.74 0.74
grey74 189 189 189 0.74 0.74 0.74
gray75 191 191 191 0.75 0.75 0.75
grey75 191 191 191 0.75 0.75 0.75
gray76 194 194 194 0.76 0.76 0.76
grey76 194 194 194 0.76 0.76 0.76
gray77 196 196 196 0.77 0.77 0.77
grey77 196 196 196 0.77 0.77 0.77
gray78 199 199 199 0.78 0.78 0.78
grey78 199 199 199 0.78 0.78 0.78
gray79 201 201 201 0.79 0.79 0.79
grey79 201 201 201 0.79 0.79 0.79
gray80 204 204 204 0.80 0.80 0.80
grey80 204 204 204 0.80 0.80 0.80
gray81 207 207 207 0.81 0.81 0.81
grey81 207 207 207 0.81 0.81 0.81
gray82 209 209 209 0.82 0.82 0.82
grey82 209 209 209 0.82 0.82 0.82
gray83 212 212 212 0.83 0.83 0.83
grey83 212 212 212 0.83 0.83 0.83
gray84 214 214 214 0.84 0.84 0.84
grey84 214 214 214 0.84 0.84 0.84
gray85 217 217 217 0.85 0.85 0.85
grey85 217 217 217 0.85 0.85 0.85
gray86 219 219 219 0.86 0.86 0.86
grey86 219 219 219 0.86 0.86 0.86
gray87 222 222 222 0.87 0.87 0.87
grey87 222 222 222 0.87 0.87 0.87
gray88 224 224 224 0.88 0.88 0.88
grey88 224 224 224 0.88 0.88 0.88
gray89 227 227 227 0.89 0.89 0.89
grey89 227 227 227 0.89 0.89 0.89
gray90 229 229 229 0.90 0.90 0.90
grey90 229 229 229 0.90 0.90 0.90
gray91 232 232 232 0.91 0.91 0.91
grey91 232 232 232 0.91 0.91 0.91
gray92 235 235 235 0.92 0.92 0.92
grey92 235 235 235 0.92 0.92 0.92
gray93 237 237 237 0.93 0.93 0.93
grey93 237 237 237 0.93 0.93 0.93
gray94 240 240 240 0.94 0.94 0.94
grey94 240 240 240 0.94 0.94 0.94
gray95 242 242 242 0.95 0.95 0.95
grey95 242 242 242 0.95 0.95 0.95
gray96 245 245 245 0.96 0.96 0.96
grey96 245 245 245 0.96 0.96 0.96
gray97 247 247 247 0.97 0.97 0.97
grey97 247 247 247 0.97 0.97 0.97
gray98 250 250 250 0.98 0.98 0.98
grey98 250 250 250 0.98 0.98 0.98
gray99 252 252 252 0.99 0.99 0.99
grey99 252 252 252 0.99 0.99 0.99
gray100 255 255 255 1.00 1.00 1.00
grey100 255 255 255 1.00 1.00 1.00
darkgrey 169 169 169 0.66 0.66 0.66
DarkGrey 169 169 169 0.66 0.66 0.66
darkgray 169 169 169 0.66 0.66 0.66
DarkGray 169 169 169 0.66 0.66 0.66
darkblue 0 0 139 0.00 0.00 0.55
DarkBlue 0 0 139 0.00 0.00 0.55
darkcyan 0 139 139 0.00 0.55 0.55
DarkCyan 0 139 139 0.00 0.55 0.55
darkmagenta 139 0 139 0.55 0.00 0.55
DarkMagenta 139 0 139 0.55 0.00 0.55
darkred 139 0 0 0.55 0.00 0.00
DarkRed 139 0 0 0.55 0.00 0.00
lightgreen 144 238 144 0.56 0.93 0.56
LightGreen 144 238 144 0.56 0.93 0.56
