%
% New matrix
%
% weighted
w  14 1.89 0.30 1.04 0.27 20
w  21 1.79 0.24 0.92 0.22 25
w  28 1.74 0.20 0.86 0.18 30
uw 14 1.82 0.28 0.95 0.26 20
uw 21 1.74 0.23 0.86 0.21 25
uw 28 1.69 0.18 0.80 0.18 30
%
%   a     b     c     d     e     f     g
L 2.472 0.516 0.301 4.776 0.932 0.522 0.574
I 3.252 0.085 0.363 0.795 0.690 0.541 0.869
V 1.658 0.299 0.670 0.842 0.455 0.456 0.402
M 1.736 1.292 0.341 1.883 0.222 0.662 0.514
F 0.598 0.161 0.440 0.393 0.560 0.260 0.088
Y 1.230 0.828 0.312 1.017 0.169 0.783 0.503
G 0.043 0.396 0.211 0.002 0.202 0.528 0.227
A 0.585 1.967 0.933 1.185 0.961 1.700 0.716
K 1.476 1.185 2.252 0.466 2.179 1.622 1.743
R 0.949 1.257 1.974 0.429 1.548 2.067 1.226
H 0.497 0.142 1.195 0.692 0.532 0.305 0.456
E 0.554 2.194 2.872 0.771 3.322 2.285 3.715
D 0.113 2.179 1.453 0.115 0.886 1.501 0.818
Q 0.752 1.624 2.435 0.654 2.931 1.666 3.805
N 1.466 2.070 1.368 0.629 1.037 1.677 1.395
S 0.199 1.188 0.696 0.362 0.557 0.872 0.846
T 0.301 0.992 1.162 0.761 0.826 0.705 0.734
C 0.002 0.002 0.002 0.635 0.002 0.002 0.439
W 0.002 0.002 0.002 0.109 0.261 0.002 0.002
P 0.059 0.066 0.034 0.002 0.002 0.037 0.002
%
