%
% New matrix
%
% weighted
w  14 1.89 0.30 1.04 0.27 20
w  21 1.79 0.24 0.92 0.22 25
w  28 1.74 0.20 0.86 0.18 30
uw 14 1.82 0.28 0.95 0.26 20
uw 21 1.74 0.23 0.86 0.21 25
uw 28 1.69 0.18 0.80 0.18 30
%
%   a     b     c     d     e     f     g
L 2.403 0.500 0.736 2.816 0.830 0.744 1.236
I 4.267 0.149 0.198 2.703 1.100 0.288 0.146
V 1.903 0.438 0.133 1.643 1.278 0.257 0.259
M 1.128 0.721 0.362 1.905 0.586 0.469 0.472
F 1.022 0.142 0.143 0.061 0.002 0.070 0.277
Y 0.313 0.366 0.002 0.307 0.357 0.357 1.878
G 0.002 0.207 0.330 0.002 0.162 0.600 0.323
A 1.000 0.987 1.210 1.467 0.856 1.354 1.326
K 0.393 0.867 1.278 0.598 1.342 1.391 2.796
R 0.317 1.267 1.852 0.178 0.824 1.184 1.449
H 0.214 1.612 1.492 0.313 1.572 1.209 0.245
E 0.041 2.074 2.218 0.194 3.144 1.438 1.898
D 0.240 1.505 2.235 0.002 0.708 1.196 1.639
Q 1.591 4.294 4.665 2.035 2.931 2.652 1.966
N 0.336 2.999 1.505 0.819 1.717 3.686 0.769
S 0.272 0.949 0.437 0.398 0.502 1.349 0.544
T 1.495 0.751 0.603 1.505 0.586 0.391 1.030
C 0.002 0.002 0.002 0.002 0.176 0.002 0.002
W 0.002 1.273 0.214 0.002 1.241 1.448 0.002
P 0.002 0.059 0.059 0.002 0.112 0.002 0.002
%
