%
% New matrix
%
% weighted
w  14 1.89 0.30 1.04 0.27 20
w  21 1.79 0.24 0.92 0.22 25
w  28 1.74 0.20 0.86 0.18 30
uw 14 1.82 0.28 0.95 0.26 20
uw 21 1.74 0.23 0.86 0.21 25
uw 28 1.69 0.18 0.80 0.18 30
%
%   a     b     c     d     e     f     g
L 1.270 0.324 0.163 3.586 0.574 0.196 1.147
I 7.687 0.540 0.002 0.751 1.278 0.002 3.192
V 1.892 0.002 0.242 0.670 0.571 1.451 0.002
M 1.948 0.661 0.002 2.446 0.783 3.980 3.125
F 0.382 0.002 0.002 0.360 0.002 0.002 0.002
Y 0.002 2.006 0.503 0.002 2.377 0.002 0.002
G 0.224 0.227 0.002 0.002 0.802 0.274 0.269
A 0.793 0.805 0.203 0.561 1.430 0.244 0.240
K 0.553 2.241 1.401 0.262 1.992 2.368 1.329
R 1.144 1.452 4.930 2.422 0.346 0.352 1.033
H 0.002 0.683 2.726 4.424 0.809 0.824 0.002
E 0.999 2.787 2.787 0.237 2.403 3.365 3.003
D 0.002 4.288 4.288 0.002 1.091 1.850 0.365
Q 0.002 0.395 0.395 1.462 2.333 3.327 1.401
N 0.002 2.152 1.794 1.996 0.851 1.300 0.427
S 0.002 0.870 0.436 0.405 0.259 0.002 2.575
T 0.272 0.002 0.277 0.257 1.304 1.660 0.002
C 0.002 0.002 0.002 0.002 0.002 0.002 0.002
W 0.002 0.002 0.002 0.002 0.002 0.002 0.002
P 0.002 0.002 0.002 0.002 0.002 0.002 0.002
%
