12151 13107 306 8e-27 +1 sp|A2XIA8|SHR2_ORYSI 191 542
12145 13134 312 1e-27 +1 sp|A2YN56|SHR1_ORYSI 193 554
12160 13254 424 4e-41 +1 sp|A2ZAX5|SCR1_ORYSI 297 651
12160 13254 425 3e-41 +1 sp|A2ZHL0|SCR2_ORYSI 298 652
12139 13254 183 4e-12 +1 sp|O23210|SCL15_ARATH 121 484
12124 13254 1253 9e-148 +1 sp|O80933|SCL9_ARATH 338 712
15793 15497 390 9e-61 -1 sp|O80934|Y2766_ARATH 82 180
15414 15379 68 9e-61 -2 sp|O80934|Y2766_ARATH 180 191
15289 15179 162 9e-61 -1 sp|O80934|Y2766_ARATH 189 225
15093 15031 112 9e-61 -2 sp|O80934|Y2766_ARATH 225 245
14719 14591 189 2e-13 -1 sp|O80934|Y2766_ARATH 244 286
14427 14350 100 6e-07 -2 sp|O80934|Y2766_ARATH 287 312
14363 14310 79 6e-07 -3 sp|O80934|Y2766_ARATH 308 325
12136 13275 209 4e-15 +1 sp|O81316|SCL6_ARATH 203 557
11905 13254 1204 1e-141 +1 sp|P0C883|SCL33_ARATH 236 691
11722 13254 1086 1e-126 +1 sp|P0C884|SCL34_ARATH 106 627
38715 38341 312 3e-30 -2 sp|P31843|RRPO_OENBE 5 132
86472 86756 142 4e-08 +3 sp|P31843|RRPO_OENBE 7 101
38355 37972 272 7e-25 -2 sp|P92523|M860_ARATH 3 131
12160 13254 425 3e-41 +1 sp|Q2QYF3|SCR2_ORYSJ 298 652
12160 13254 431 6e-42 +1 sp|Q2RB59|SCR1_ORYSJ 289 643
12160 13254 478 2e-47 +1 sp|Q2Z2E9|SCR_IPONI 423 776
11932 13254 1055 7e-122 +1 sp|Q3EDH0|SCL31_ARATH 256 692
12151 13254 179 1e-11 +1 sp|Q4VYC8|NSP1_MEDTR 171 547
12124 13254 475 1e-47 +1 sp|Q5BN22|RGA2_BRACM 208 573
12136 13254 450 2e-44 +1 sp|Q5BN23|RGA1_BRACM 206 567
12208 13275 327 9e-30 +1 sp|Q5NE24|NSP2_MEDTR 145 503
12124 13254 565 4e-59 +1 sp|Q69VG1|CIGR1_ORYSJ 195 570
12124 13254 402 1e-38 +1 sp|Q6EI05|GAIPB_CUCMA 212 576
12124 13254 425 2e-41 +1 sp|Q6EI06|GAIP_CUCMA 205 569
12151 13107 306 7e-27 +1 sp|Q75I13|SHR2_ORYSJ 191 542
12124 13254 469 1e-46 +1 sp|Q7G7J6|SLR1_ORYSJ 235 620
12364 13254 175 5e-11 +1 sp|Q7XJM8|SCL27_ARATH 347 638
12127 13254 452 1e-44 +1 sp|Q7Y1B6|GAI_SOLLC 193 573
12235 13254 257 2e-21 +1 sp|Q84MM9|MOC_ORYSJ 82 436
33515 33604 144 3e-07 +2 sp|Q84NP7|AMPD_ORYSJ 483 512
39655 39744 144 3e-07 +1 sp|Q84NP7|AMPD_ORYSJ 483 512
12124 13242 453 5e-45 +1 sp|Q84TQ7|GAI_GOSHI 165 528
12139 13254 592 9e-63 +1 sp|Q8GVE1|CIGR2_ORYSJ 173 543
12127 13254 488 2e-49 +1 sp|Q8GXW1|RGL2_ARATH 174 544
12139 13254 574 5e-60 +1 sp|Q8H125|SCL5_ARATH 226 596
12145 13134 311 2e-27 +1 sp|Q8H2X8|SHR1_ORYSJ 193 554
12127 13254 496 4e-50 +1 sp|Q8S4W7|GAI1_VITVI 208 574
12124 13254 455 6e-45 +1 sp|Q8W127|SLN1_HORVU 224 613
15793 15497 375 2e-37 -1 sp|Q94EG6|Y5224_ARATH 10 108
14719 14591 191 7e-14 -1 sp|Q94EG6|Y5224_ARATH 172 214
12160 13254 487 2e-48 +1 sp|Q9AVK4|SCR_PEA 453 805
12127 13254 468 3e-47 +1 sp|Q9C8Y3|RGL1_ARATH 146 505
12127 13260 362 1e-33 +1 sp|Q9CAN3|SCL28_ARATH 269 655
12136 13260 371 1e-35 +1 sp|Q9FHZ1|SCL23_ARATH 38 401
12163 13254 464 3e-46 +1 sp|Q9FL03|SCL4_ARATH 224 583
12163 13254 437 1e-42 +1 sp|Q9FUZ7|SCR_MAIZE 306 659
12154 13254 337 2e-30 +1 sp|Q9FYR7|SCL8_ARATH 269 639
12139 13254 545 3e-57 +1 sp|Q9LDL7|PAT1_ARATH 118 489
12124 13254 451 7e-45 +1 sp|Q9LF53|RGL3_ARATH 151 515
12124 13254 444 3e-44 +1 sp|Q9LPR8|SCL3_ARATH 48 478
12124 13254 454 3e-45 +1 sp|Q9LQT8|GAI_ARATH 163 528
12151 13254 168 3e-10 +1 sp|Q9LRW3|SCL29_ARATH 148 509
11593 13254 1112 2e-130 +1 sp|Q9LTI5|SCL11_ARATH 61 597
12364 13254 161 2e-09 +1 sp|Q9M000|SCL22_ARATH 327 621
12136 13254 545 7e-57 +1 sp|Q9M0M5|SCL13_ARATH 153 524
12160 13257 468 2e-46 +1 sp|Q9M384|SCR_ARATH 296 650
12139 13254 524 3e-55 +1 sp|Q9S7H5|SCL21_ARATH 49 412
12211 13254 413 5e-40 +1 sp|Q9SCR0|SCL7_ARATH 195 541
12151 13254 530 2e-54 +1 sp|Q9SDQ3|SCL1_ARATH 225 592
12124 13254 442 2e-43 +1 sp|Q9SLH3|RGA_ARATH 215 580
12151 13254 255 3e-21 +1 sp|Q9SN22|SCL32_ARATH 30 407
11593 13254 1140 1e-134 +1 sp|Q9SNB8|SCL30_ARATH 62 578
12124 13254 462 9e-46 +1 sp|Q9ST48|DWRF8_MAIZE 237 622
12124 13254 432 4e-42 +1 sp|Q9ST59|RHT1_WHEAT 228 618
12124 13260 337 5e-31 +1 sp|Q9SUF5|SCL26_ARATH 98 478
12148 13254 380 4e-36 +1 sp|Q9SZF7|SHR_ARATH 145 528
11905 13254 1310 1e-154 +1 sp|Q9XE58|SCL14_ARATH 308 764
12238 13254 332 2e-30 +1 sp|Q9ZWC5|SCL18_ARATH 73 444
