
Cc00g00660
   1 M d   0.832   0.000 (  0.001   4.195)
   2 D e   0.832   0.000 (  0.001   4.195)
   3 A f   0.832   0.000 (  0.001   4.195)
   4 A g   0.832   0.000 (  0.001   4.195)
   5 V a   0.832   0.000 (  0.001   4.195)
   6 I b   0.832   0.000 (  0.001   4.195)
   7 S c   0.832   0.000 (  0.001   4.195)
   8 F d   0.832   0.000 (  0.001   4.195)
   9 G e   0.832   0.000 (  0.001   4.195)
  10 S b   0.912   0.000 (  0.005   4.542)
  11 S c   0.936   0.000 (  0.007   4.533)
  12 A d   0.936   0.000 (  0.007   4.533)
  13 F e   0.936   0.000 (  0.007   4.533)
  14 S f   0.936   0.000 (  0.007   4.533)
  15 A g   0.936   0.000 (  0.007   4.533)
  16 L a   0.936   0.000 (  0.007   4.533)
  17 L b   0.936   0.000 (  0.007   4.533)
  18 Q c   0.936   0.000 (  0.007   4.533)
  19 V d   0.936   0.000 (  0.007   4.533)
  20 G e   0.936   0.000 (  0.007   4.533)
  21 L f   0.936   0.000 (  0.007   4.533)
  22 D g   0.936   0.000 (  0.007   4.533)
  23 R b   0.968   0.000 (  0.012   4.437)
  24 V c   0.973   0.000 (  0.013   4.418)
  25 A d   1.027   0.000 (  0.027   4.035)
  26 S e   1.076   0.001 (  0.050   3.538)
  27 R f   1.114   0.001 (  0.079   3.081)
  28 E g   1.114   0.001 (  0.079   3.081)
  29 F a   1.114   0.001 (  0.079   3.081)
  30 L b   1.269   0.012 (  0.396   1.289)
  31 N c   1.269   0.012 (  0.396   1.289)
  32 L d   1.269   0.012 (  0.396   1.289)
  33 F e   1.269   0.012 (  0.396   1.289)
  34 G f   1.269   0.012 (  0.396   1.289)
  35 E g   1.269   0.012 (  0.396   1.289)
  36 R a   1.269   0.012 (  0.396   1.289)
  37 K b   1.271   0.012 (  0.402   1.273)
  38 H c   1.271   0.012 (  0.402   1.273)
  39 D d   1.304   0.021 (  0.537   0.990)
  40 D e   1.606   0.780 (  3.109   0.035)
  41 T f   1.717   0.961 (  3.976   0.006)
  42 I g   1.729   0.969 (  4.035   0.005)
  43 L a   1.845   0.996 (  4.058   0.001)
  44 N b   1.845   0.996 (  4.058   0.001)
  45 K c   1.845   0.996 (  4.058   0.001)
  46 L d   1.845   0.996 (  4.058   0.001)
  47 K e   1.845   0.996 (  4.058   0.001)
  48 R f   1.845   0.996 (  4.058   0.001)
  49 N g   1.845   0.996 (  4.058   0.001)
  50 L a   1.845   0.996 (  4.058   0.001)
  51 W b   1.845   0.996 (  4.058   0.001)
  52 L c   1.845   0.996 (  4.058   0.001)
  53 A d   1.845   0.996 (  4.058   0.001)
  54 Q e   1.845   0.996 (  4.058   0.001)
  55 A f   1.845   0.996 (  4.058   0.001)
  56 V g   1.845   0.996 (  4.058   0.001)
  57 L a   1.845   0.996 (  4.058   0.001)
  58 N b   1.845   0.996 (  4.058   0.001)
  59 D c   1.845   0.996 (  4.058   0.001)
  60 A d   1.845   0.996 (  4.058   0.001)
  61 E e   1.845   0.996 (  4.058   0.001)
  62 S f   1.845   0.996 (  4.058   0.001)
  63 K g   1.845   0.996 (  4.058   0.001)
  64 Q a   1.528   0.478 (  2.293   0.100)
  65 A b   1.517   0.433 (  2.182   0.114)
  66 G c   1.446   0.186 (  1.493   0.260)
  67 Y d   1.339   0.037 (  0.711   0.743)
  68 D e   1.302   0.020 (  0.526   1.008)
  69 E b   1.571   0.659 (  2.750   0.057)
  70 K c   1.571   0.659 (  2.750   0.057)
  71 W d   1.571   0.659 (  2.750   0.057)
  72 M e   1.571   0.659 (  2.750   0.057)
  73 D f   1.571   0.659 (  2.750   0.057)
  74 E g   1.571   0.659 (  2.750   0.057)
  75 L a   1.571   0.659 (  2.750   0.057)
  76 Q b   1.571   0.659 (  2.750   0.057)
  77 D c   1.571   0.659 (  2.750   0.057)
  78 A d   1.571   0.659 (  2.750   0.057)
  79 V e   1.571   0.659 (  2.750   0.057)
  80 Y f   1.571   0.659 (  2.750   0.057)
  81 D g   1.571   0.659 (  2.750   0.057)
  82 A a   1.571   0.659 (  2.750   0.057)
  83 D b   1.571   0.659 (  2.750   0.057)
  84 D c   1.571   0.659 (  2.750   0.057)
  85 L d   1.571   0.659 (  2.750   0.057)
  86 L e   1.571   0.659 (  2.750   0.057)
  87 D f   1.571   0.659 (  2.750   0.057)
  88 Q g   1.571   0.659 (  2.750   0.057)
  89 I a   1.571   0.659 (  2.750   0.057)
  90 S e   1.566   0.640 (  2.698   0.061)
  91 T f   1.566   0.640 (  2.698   0.061)
  92 E g   1.566   0.640 (  2.698   0.061)
  93 A a   1.500   0.362 (  2.005   0.141)
  94 L b   1.400   0.096 (  1.115   0.419)
  95 K c   1.377   0.067 (  0.949   0.525)
  96 V a   1.284   0.015 (  0.453   1.154)
  97 R e   1.278   0.014 (  0.427   1.213)
  98 V f   1.278   0.014 (  0.427   1.213)
  99 E g   1.278   0.014 (  0.427   1.213)
 100 H a   1.278   0.014 (  0.427   1.213)
 101 E b   1.278   0.014 (  0.427   1.213)
 102 Q c   1.278   0.014 (  0.427   1.213)
 103 Q f   1.225   0.006 (  0.260   1.741)
 104 S g   1.225   0.006 (  0.260   1.741)
 105 M a   1.225   0.006 (  0.260   1.741)
 106 I b   1.225   0.006 (  0.260   1.741)
 107 N c   1.225   0.006 (  0.260   1.741)
 108 Q d   1.225   0.006 (  0.260   1.741)
 109 V e   1.225   0.006 (  0.260   1.741)
 110 S f   1.225   0.006 (  0.260   1.741)
 111 T g   1.225   0.006 (  0.260   1.741)
 112 C a   1.225   0.006 (  0.260   1.741)
 113 T b   1.153   0.002 (  0.123   2.599)
 114 S c   1.147   0.002 (  0.115   2.669)
 115 Y d   1.062   0.000 (  0.042   3.692)
 116 L f   1.074   0.001 (  0.049   3.555)
 117 S g   1.136   0.001 (  0.101   2.810)
 118 N e   1.312   0.024 (  0.574   0.929)
 119 E f   1.312   0.024 (  0.574   0.929)
 120 F g   1.312   0.024 (  0.574   0.929)
 121 L a   1.402   0.098 (  1.126   0.413)
 122 Q b   1.402   0.098 (  1.126   0.413)
 123 H c   1.402   0.098 (  1.126   0.413)
 124 I d   1.402   0.098 (  1.126   0.413)
 125 T e   1.548   0.566 (  2.508   0.077)
 126 P f   1.548   0.566 (  2.508   0.077)
 127 K g   1.548   0.566 (  2.508   0.077)
 128 V a   1.548   0.566 (  2.508   0.077)
 129 T b   1.548   0.566 (  2.508   0.077)
 130 E c   1.548   0.566 (  2.508   0.077)
 131 L d   1.548   0.566 (  2.508   0.077)
 132 V e   1.548   0.566 (  2.508   0.077)
 133 D f   1.548   0.566 (  2.508   0.077)
 134 L g   1.548   0.566 (  2.508   0.077)
 135 L a   1.548   0.566 (  2.508   0.077)
 136 E b   1.548   0.566 (  2.508   0.077)
 137 E c   1.548   0.566 (  2.508   0.077)
 138 L d   1.548   0.566 (  2.508   0.077)
 139 V e   1.548   0.566 (  2.508   0.077)
 140 Q f   1.548   0.566 (  2.508   0.077)
 141 K g   1.548   0.566 (  2.508   0.077)
 142 L a   1.548   0.566 (  2.508   0.077)
 143 K b   1.548   0.566 (  2.508   0.077)
 144 I c   1.548   0.566 (  2.508   0.077)
 145 L d   1.548   0.566 (  2.508   0.077)
 146 G e   1.459   0.222 (  1.611   0.226)
 147 P f   1.459   0.222 (  1.611   0.226)
 148 G g   1.330   0.032 (  0.662   0.802)
 149 K a   1.306   0.022 (  0.547   0.972)
 150 I b   1.275   0.013 (  0.416   1.237)
 151 E c   1.275   0.013 (  0.416   1.237)
 152 V d   1.261   0.011 (  0.367   1.367)
 153 N e   1.261   0.011 (  0.367   1.367)
 154 K f   1.261   0.011 (  0.367   1.367)
 155 Q g   1.261   0.011 (  0.367   1.367)
 156 S a   1.050   0.000 (  0.036   3.819)
 157 R b   1.021   0.000 (  0.025   4.087)
 158 R c   1.004   0.000 (  0.019   4.228)
 159 D c   0.914   0.000 (  0.005   4.544)
 160 C d   0.914   0.000 (  0.005   4.544)
 161 S e   0.914   0.000 (  0.005   4.544)
 162 V f   0.914   0.000 (  0.005   4.544)
 163 S g   0.914   0.000 (  0.005   4.544)
 164 L a   0.914   0.000 (  0.005   4.544)
 165 V b   0.914   0.000 (  0.005   4.544)
 166 D c   0.914   0.000 (  0.005   4.544)
 167 E d   0.914   0.000 (  0.005   4.544)
 168 S e   0.914   0.000 (  0.005   4.544)
 169 G f   0.914   0.000 (  0.005   4.544)
 170 V g   0.863   0.000 (  0.002   4.396)
 171 Y a   0.821   0.000 (  0.001   4.107)
 172 G e   0.812   0.000 (  0.001   4.028)
 173 R f   0.812   0.000 (  0.001   4.028)
 174 D g   0.812   0.000 (  0.001   4.028)
 175 D a   0.812   0.000 (  0.001   4.028)
 176 D b   0.963   0.000 (  0.011   4.459)
 177 K c   0.963   0.000 (  0.011   4.459)
 178 E d   0.963   0.000 (  0.011   4.459)
 179 K e   0.963   0.000 (  0.011   4.459)
 180 M f   0.963   0.000 (  0.011   4.459)
 181 I g   0.963   0.000 (  0.011   4.459)
 182 K a   0.963   0.000 (  0.011   4.459)
 183 M b   0.963   0.000 (  0.011   4.459)
 184 L c   0.963   0.000 (  0.011   4.459)
 185 L d   0.963   0.000 (  0.011   4.459)
 186 C e   0.963   0.000 (  0.011   4.459)
 187 D f   0.963   0.000 (  0.011   4.459)
 188 D g   0.963   0.000 (  0.011   4.459)
 189 R a   0.963   0.000 (  0.011   4.459)
 190 R b   0.963   0.000 (  0.011   4.459)
 191 G c   0.963   0.000 (  0.011   4.459)
 192 K d   0.963   0.000 (  0.011   4.459)
 193 G e   0.963   0.000 (  0.011   4.459)
 194 N f   0.963   0.000 (  0.011   4.459)
 195 T g   0.963   0.000 (  0.011   4.459)
 196 V a   0.963   0.000 (  0.011   4.459)
 197 I b   0.898   0.000 (  0.004   4.524)
 198 P c   0.781   0.000 (  0.001   3.723)
 199 I d   0.781   0.000 (  0.001   3.723)
 200 V e   0.742   0.000 (  0.000   3.279)
 201 G f   0.742   0.000 (  0.000   3.279)
 202 M g   0.742   0.000 (  0.000   3.279)
 203 G f   0.730   0.000 (  0.000   3.125)
 204 G g   0.730   0.000 (  0.000   3.125)
 205 V c   0.743   0.000 (  0.000   3.293)
 206 G d   0.743   0.000 (  0.000   3.293)
 207 K b   0.938   0.000 (  0.008   4.530)
 208 T c   0.938   0.000 (  0.008   4.530)
 209 T d   0.938   0.000 (  0.008   4.530)
 210 V e   0.938   0.000 (  0.008   4.530)
 211 A f   0.938   0.000 (  0.008   4.530)
 212 Q g   0.938   0.000 (  0.008   4.530)
 213 L a   0.938   0.000 (  0.008   4.530)
 214 V b   0.938   0.000 (  0.008   4.530)
 215 C c   0.938   0.000 (  0.008   4.530)
 216 N d   0.938   0.000 (  0.008   4.530)
 217 D e   0.938   0.000 (  0.008   4.530)
 218 K f   0.938   0.000 (  0.008   4.530)
 219 R g   0.938   0.000 (  0.008   4.530)
 220 V a   0.938   0.000 (  0.008   4.530)
 221 K b   0.938   0.000 (  0.008   4.530)
 222 A c   0.938   0.000 (  0.008   4.530)
 223 H d   0.938   0.000 (  0.008   4.530)
 224 F e   0.938   0.000 (  0.008   4.530)
 225 D f   0.938   0.000 (  0.008   4.530)
 226 V g   0.938   0.000 (  0.008   4.530)
 227 I d   0.941   0.000 (  0.008   4.525)
 228 A e   0.941   0.000 (  0.008   4.525)
 229 W e   0.942   0.000 (  0.008   4.522)
 230 V f   1.050   0.000 (  0.036   3.821)
 231 C g   1.079   0.001 (  0.052   3.500)
 232 V a   1.152   0.002 (  0.122   2.607)
 233 S b   1.152   0.002 (  0.122   2.607)
 234 E c   1.161   0.002 (  0.134   2.499)
 235 E d   1.161   0.002 (  0.134   2.499)
 236 H e   1.174   0.003 (  0.154   2.338)
 237 D f   1.287   0.016 (  0.463   1.131)
 238 V g   1.287   0.016 (  0.463   1.131)
 239 I a   1.287   0.016 (  0.463   1.131)
 240 K b   1.287   0.016 (  0.463   1.131)
 241 I c   1.287   0.016 (  0.463   1.131)
 242 T d   1.287   0.016 (  0.463   1.131)
 243 K e   1.287   0.016 (  0.463   1.131)
 244 S f   1.287   0.016 (  0.463   1.131)
 245 L g   1.287   0.016 (  0.463   1.131)
 246 L a   1.287   0.016 (  0.463   1.131)
 247 E f   1.307   0.022 (  0.550   0.967)
 248 G g   1.307   0.022 (  0.550   0.967)
 249 L a   1.360   0.051 (  0.834   0.617)
 250 G b   1.360   0.051 (  0.834   0.617)
 251 S c   1.368   0.059 (  0.891   0.569)
 252 L d   1.368   0.059 (  0.891   0.569)
 253 C e   1.368   0.059 (  0.891   0.569)
 254 E f   1.368   0.059 (  0.891   0.569)
 255 S g   1.368   0.059 (  0.891   0.569)
 256 M a   1.368   0.059 (  0.891   0.569)
 257 E b   1.368   0.059 (  0.891   0.569)
 258 T c   1.368   0.059 (  0.891   0.569)
 259 L d   1.368   0.059 (  0.891   0.569)
 260 S e   1.368   0.059 (  0.891   0.569)
 261 S f   1.368   0.059 (  0.891   0.569)
 262 L g   1.368   0.059 (  0.891   0.569)
 263 Q a   1.368   0.059 (  0.891   0.569)
 264 V b   1.368   0.059 (  0.891   0.569)
 265 K c   1.368   0.059 (  0.891   0.569)
 266 L d   1.368   0.059 (  0.891   0.569)
 267 Q e   1.368   0.059 (  0.891   0.569)
 268 Q f   1.368   0.059 (  0.891   0.569)
 269 S g   1.368   0.059 (  0.891   0.569)
 270 L a   1.368   0.059 (  0.891   0.569)
 271 I b   1.368   0.059 (  0.891   0.569)
 272 G g   1.355   0.047 (  0.804   0.646)
 273 K a   1.355   0.047 (  0.804   0.646)
 274 K b   1.355   0.047 (  0.804   0.646)
 275 F c   1.355   0.047 (  0.804   0.646)
 276 L d   1.355   0.047 (  0.804   0.646)
 277 F e   1.285   0.016 (  0.456   1.146)
 278 V f   1.200   0.004 (  0.203   2.022)
 279 L g   1.186   0.003 (  0.175   2.193)
 280 D a   0.895   0.000 (  0.004   4.516)
 281 D b   0.895   0.000 (  0.004   4.516)
 282 V c   0.866   0.000 (  0.003   4.412)
 283 W d   0.795   0.000 (  0.001   3.865)
 284 N e   0.795   0.000 (  0.001   3.865)
 285 S f   0.795   0.000 (  0.001   3.865)
 286 S g   0.795   0.000 (  0.001   3.865)
 287 Y a   0.795   0.000 (  0.001   3.865)
 288 N b   0.795   0.000 (  0.001   3.865)
 289 D c   0.795   0.000 (  0.001   3.865)
 290 W d   0.795   0.000 (  0.001   3.865)
 291 E e   0.795   0.000 (  0.001   3.865)
 292 M f   0.795   0.000 (  0.001   3.865)
 293 L g   0.795   0.000 (  0.001   3.865)
 294 K a   0.795   0.000 (  0.001   3.865)
 295 S b   0.795   0.000 (  0.001   3.864)
 296 P c   0.795   0.000 (  0.001   3.864)
 297 F d   0.795   0.000 (  0.001   3.864)
 298 S e   0.795   0.000 (  0.001   3.864)
 299 S f   0.795   0.000 (  0.001   3.864)
 300 G g   0.795   0.000 (  0.001   3.864)
 301 K a   0.808   0.000 (  0.001   3.997)
 302 Q b   0.847   0.000 (  0.002   4.303)
 303 G c   0.847   0.000 (  0.002   4.303)
 304 S d   0.881   0.000 (  0.003   4.474)
 305 K e   0.930   0.000 (  0.007   4.541)
 306 I f   0.956   0.000 (  0.010   4.484)
 307 I g   0.961   0.000 (  0.011   4.466)
 308 V a   1.048   0.000 (  0.035   3.842)
 309 T b   1.048   0.000 (  0.035   3.842)
 310 T c   1.048   0.000 (  0.035   3.842)
 311 R d   1.048   0.000 (  0.035   3.842)
 312 D e   1.160   0.002 (  0.133   2.506)
 313 E f   1.240   0.008 (  0.301   1.581)
 314 R g   1.240   0.008 (  0.301   1.581)
 315 V a   1.240   0.008 (  0.301   1.581)
 316 A b   1.240   0.008 (  0.301   1.581)
 317 R c   1.240   0.008 (  0.301   1.581)
 318 M d   1.240   0.008 (  0.301   1.581)
 319 I e   1.240   0.008 (  0.301   1.581)
 320 H f   1.240   0.008 (  0.301   1.581)
 321 S g   1.240   0.008 (  0.301   1.581)
 322 M a   1.240   0.008 (  0.301   1.581)
 323 R b   1.240   0.008 (  0.301   1.581)
 324 N c   1.240   0.008 (  0.301   1.581)
 325 Q d   1.240   0.008 (  0.301   1.581)
 326 E e   1.240   0.008 (  0.301   1.581)
 327 L f   1.240   0.008 (  0.301   1.581)
 328 E g   1.240   0.008 (  0.301   1.581)
 329 V a   1.240   0.008 (  0.301   1.581)
 330 I b   1.240   0.008 (  0.301   1.581)
 331 G c   1.240   0.008 (  0.301   1.581)
 332 K d   1.240   0.008 (  0.301   1.581)
 333 E e   1.240   0.008 (  0.301   1.581)
 334 I f   1.166   0.002 (  0.143   2.427)
 335 V b   1.147   0.002 (  0.115   2.669)
 336 K c   1.147   0.002 (  0.115   2.669)
 337 K d   1.147   0.002 (  0.115   2.669)
 338 C e   1.147   0.002 (  0.115   2.669)
 339 K f   1.147   0.002 (  0.115   2.669)
 340 G g   1.147   0.002 (  0.115   2.669)
 341 L a   1.147   0.002 (  0.115   2.669)
 342 P b   1.147   0.002 (  0.115   2.669)
 343 L c   1.147   0.002 (  0.115   2.669)
 344 A d   1.147   0.002 (  0.115   2.669)
 345 A e   1.101   0.001 (  0.068   3.235)
 346 K f   1.093   0.001 (  0.061   3.342)
 347 V g   1.040   0.000 (  0.032   3.917)
 348 A a   1.040   0.000 (  0.032   3.917)
 349 G b   1.040   0.000 (  0.032   3.917)
 350 G c   1.040   0.000 (  0.032   3.917)
 351 L d   1.040   0.000 (  0.032   3.917)
 352 L e   1.040   0.000 (  0.032   3.917)
 353 G f   1.040   0.000 (  0.032   3.917)
 354 S g   1.040   0.000 (  0.032   3.917)
 355 K a   1.040   0.000 (  0.032   3.917)
 356 G b   1.040   0.000 (  0.032   3.917)
 357 T c   1.040   0.000 (  0.032   3.917)
 358 L d   1.040   0.000 (  0.032   3.917)
 359 K e   1.040   0.000 (  0.032   3.917)
 360 E f   1.040   0.000 (  0.032   3.917)
 361 W d   1.026   0.000 (  0.026   4.047)
 362 E e   1.026   0.000 (  0.026   4.047)
 363 D f   1.026   0.000 (  0.026   4.047)
 364 I g   1.004   0.000 (  0.019   4.229)
 365 F a   0.933   0.000 (  0.007   4.538)
 366 N b   0.933   0.000 (  0.007   4.538)
 367 S c   0.912   0.000 (  0.005   4.543)
 368 D d   0.863   0.000 (  0.002   4.395)
 369 E e   0.863   0.000 (  0.002   4.395)
 370 W f   0.830   0.000 (  0.001   4.182)
 371 C g   0.818   0.000 (  0.001   4.078)
 372 Q a   0.770   0.000 (  0.000   3.603)
 373 S b   0.770   0.000 (  0.000   3.603)
 374 N b   0.772   0.000 (  0.001   3.624)
 375 S c   0.779   0.000 (  0.001   3.699)
 376 R d   0.796   0.000 (  0.001   3.875)
 377 D e   0.890   0.000 (  0.004   4.505)
 378 G f   0.890   0.000 (  0.004   4.505)
 379 I g   0.890   0.000 (  0.004   4.505)
 380 L a   0.890   0.000 (  0.004   4.505)
 381 P b   0.890   0.000 (  0.004   4.505)
 382 A c   0.890   0.000 (  0.004   4.505)
 383 L d   0.890   0.000 (  0.004   4.505)
 384 R e   0.890   0.000 (  0.004   4.505)
 385 L f   0.890   0.000 (  0.004   4.505)
 386 S g   0.890   0.000 (  0.004   4.505)
 387 Y a   0.890   0.000 (  0.004   4.505)
 388 I b   0.890   0.000 (  0.004   4.505)
 389 H c   0.890   0.000 (  0.004   4.505)
 390 M d   0.890   0.000 (  0.004   4.505)
 391 P e   0.890   0.000 (  0.004   4.505)
 392 S f   0.890   0.000 (  0.004   4.505)
 393 H g   0.890   0.000 (  0.004   4.505)
 394 L a   0.933   0.000 (  0.007   4.538)
 395 K b   0.933   0.000 (  0.007   4.538)
 396 R c   0.933   0.000 (  0.007   4.538)
 397 C d   0.933   0.000 (  0.007   4.538)
 398 F e   0.988   0.000 (  0.016   4.336)
 399 A f   0.988   0.000 (  0.016   4.336)
 400 Y g   0.988   0.000 (  0.016   4.336)
 401 C a   0.988   0.000 (  0.016   4.336)
 402 A b   0.988   0.000 (  0.016   4.336)
 403 L c   0.988   0.000 (  0.016   4.336)
 404 F d   0.988   0.000 (  0.016   4.336)
 405 H e   1.123   0.001 (  0.087   2.974)
 406 K f   1.231   0.007 (  0.277   1.673)
 407 D g   1.231   0.007 (  0.277   1.673)
 408 Y a   1.231   0.007 (  0.277   1.673)
 409 K b   1.231   0.007 (  0.277   1.673)
 410 F c   1.231   0.007 (  0.277   1.673)
 411 K d   1.231   0.007 (  0.277   1.673)
 412 K e   1.231   0.007 (  0.277   1.673)
 413 E f   1.231   0.007 (  0.277   1.673)
 414 E g   1.231   0.007 (  0.277   1.673)
 415 L a   1.231   0.007 (  0.277   1.673)
 416 I b   1.231   0.007 (  0.277   1.673)
 417 L c   1.231   0.007 (  0.277   1.673)
 418 L d   1.231   0.007 (  0.277   1.673)
 419 W e   1.231   0.007 (  0.277   1.673)
 420 M f   1.231   0.007 (  0.277   1.673)
 421 A g   1.231   0.007 (  0.277   1.673)
 422 N a   1.231   0.007 (  0.277   1.673)
 423 D b   1.231   0.007 (  0.277   1.673)
 424 L c   1.231   0.007 (  0.277   1.673)
 425 L d   1.231   0.007 (  0.277   1.673)
 426 E e   1.231   0.007 (  0.277   1.673)
 427 H f   1.190   0.003 (  0.183   2.140)
 428 P g   0.997   0.000 (  0.018   4.273)
 429 G c   0.921   0.000 (  0.006   4.545)
 430 N d   0.921   0.000 (  0.006   4.545)
 431 T e   1.012   0.000 (  0.022   4.161)
 432 K f   1.049   0.000 (  0.035   3.831)
 433 R g   1.049   0.000 (  0.035   3.831)
 434 I a   1.049   0.000 (  0.035   3.831)
 435 E b   1.049   0.000 (  0.035   3.831)
 436 D c   1.049   0.000 (  0.035   3.831)
 437 V d   1.049   0.000 (  0.035   3.831)
 438 G e   1.049   0.000 (  0.035   3.831)
 439 D f   1.049   0.000 (  0.035   3.831)
 440 E g   1.049   0.000 (  0.035   3.831)
 441 Y a   1.049   0.000 (  0.035   3.831)
 442 F b   1.049   0.000 (  0.035   3.831)
 443 C c   1.049   0.000 (  0.035   3.831)
 444 E d   1.049   0.000 (  0.035   3.831)
 445 L e   1.049   0.000 (  0.035   3.831)
 446 R f   1.049   0.000 (  0.035   3.831)
 447 Q g   1.049   0.000 (  0.035   3.831)
 448 R a   1.049   0.000 (  0.035   3.831)
 449 A b   1.049   0.000 (  0.035   3.831)
 450 F c   1.049   0.000 (  0.035   3.831)
 451 F d   1.049   0.000 (  0.035   3.831)
 452 Q e   1.049   0.000 (  0.035   3.831)
 453 T f   1.016   0.000 (  0.023   4.137)
 454 S g   0.973   0.000 (  0.013   4.413)
 455 S e   0.925   0.000 (  0.006   4.544)
 456 D f   0.925   0.000 (  0.006   4.544)
 457 D g   0.925   0.000 (  0.006   4.544)
 458 S a   0.925   0.000 (  0.006   4.544)
 459 F b   0.925   0.000 (  0.006   4.544)
 460 Y c   0.925   0.000 (  0.006   4.544)
 461 M a   0.998   0.000 (  0.018   4.268)
 462 H b   0.998   0.000 (  0.018   4.268)
 463 D c   0.998   0.000 (  0.018   4.268)
 464 L d   0.998   0.000 (  0.018   4.268)
 465 I e   0.998   0.000 (  0.018   4.268)
 466 N a   1.048   0.000 (  0.035   3.837)
 467 D b   1.048   0.000 (  0.035   3.837)
 468 L c   1.048   0.000 (  0.035   3.837)
 469 A d   1.048   0.000 (  0.035   3.837)
 470 N e   1.048   0.000 (  0.035   3.837)
 471 S f   1.048   0.000 (  0.035   3.837)
 472 V g   1.048   0.000 (  0.035   3.837)
 473 S a   1.048   0.000 (  0.035   3.837)
 474 G b   1.048   0.000 (  0.035   3.837)
 475 K c   1.048   0.000 (  0.035   3.837)
 476 Y d   1.048   0.000 (  0.035   3.837)
 477 Y e   1.048   0.000 (  0.035   3.837)
 478 V f   1.048   0.000 (  0.035   3.837)
 479 R g   1.048   0.000 (  0.035   3.837)
 480 L a   1.048   0.000 (  0.035   3.837)
 481 E b   1.048   0.000 (  0.035   3.837)
 482 D c   1.048   0.000 (  0.035   3.837)
 483 H d   1.048   0.000 (  0.035   3.837)
 484 H e   1.048   0.000 (  0.035   3.837)
 485 Q f   1.048   0.000 (  0.035   3.837)
 486 Q g   1.048   0.000 (  0.035   3.837)
 487 H a   1.030   0.000 (  0.028   4.011)
 488 S b   1.030   0.000 (  0.028   4.011)
 489 L c   1.030   0.000 (  0.028   4.011)
 490 V d   1.030   0.000 (  0.028   4.011)
 491 N e   1.030   0.000 (  0.028   4.011)
 492 K f   1.030   0.000 (  0.028   4.011)
 493 V g   1.030   0.000 (  0.028   4.011)
 494 R a   1.030   0.000 (  0.028   4.011)
 495 H b   1.030   0.000 (  0.028   4.011)
 496 F c   0.979   0.000 (  0.014   4.387)
 497 S d   0.898   0.000 (  0.004   4.522)
 498 Y e   0.898   0.000 (  0.004   4.522)
 499 T f   0.898   0.000 (  0.004   4.522)
 500 C f   0.862   0.000 (  0.002   4.392)
 501 S g   0.862   0.000 (  0.002   4.392)
 502 F e   0.988   0.000 (  0.016   4.331)
 503 W f   0.988   0.000 (  0.016   4.331)
 504 D g   0.988   0.000 (  0.016   4.331)
 505 V a   0.988   0.000 (  0.016   4.331)
 506 Y b   0.988   0.000 (  0.016   4.331)
 507 E c   1.058   0.000 (  0.040   3.731)
 508 K d   1.058   0.000 (  0.040   3.731)
 509 F e   1.213   0.005 (  0.232   1.868)
 510 K f   1.233   0.007 (  0.283   1.649)
 511 Q g   1.233   0.007 (  0.283   1.649)
 512 L a   1.233   0.007 (  0.283   1.649)
 513 S b   1.233   0.007 (  0.283   1.649)
 514 Q c   1.233   0.007 (  0.283   1.649)
 515 A d   1.233   0.007 (  0.283   1.649)
 516 T e   1.233   0.007 (  0.283   1.649)
 517 H f   1.233   0.007 (  0.283   1.649)
 518 L g   1.233   0.007 (  0.283   1.649)
 519 R a   1.233   0.007 (  0.283   1.649)
 520 T b   1.233   0.007 (  0.283   1.649)
 521 F c   1.233   0.007 (  0.283   1.649)
 522 L d   1.233   0.007 (  0.283   1.649)
 523 P e   1.233   0.007 (  0.283   1.649)
 524 I f   1.233   0.007 (  0.283   1.649)
 525 R g   1.233   0.007 (  0.283   1.649)
 526 K a   1.233   0.007 (  0.283   1.649)
 527 D b   1.233   0.007 (  0.283   1.649)
 528 K c   1.233   0.007 (  0.283   1.649)
 529 L d   1.233   0.007 (  0.283   1.649)
 530 Y e   1.233   0.007 (  0.283   1.649)
 531 I f   1.179   0.003 (  0.164   2.269)
 532 R g   1.166   0.002 (  0.142   2.431)
 533 P e   0.884   0.000 (  0.003   4.486)
 534 I f   1.003   0.000 (  0.019   4.234)
 535 S g   1.039   0.000 (  0.031   3.929)
 536 K a   1.039   0.000 (  0.031   3.929)
 537 K b   1.039   0.000 (  0.031   3.929)
 538 F c   1.039   0.000 (  0.031   3.929)
 539 L d   1.039   0.000 (  0.031   3.929)
 540 H e   1.039   0.000 (  0.031   3.929)
 541 E f   1.039   0.000 (  0.031   3.929)
 542 I g   1.039   0.000 (  0.031   3.929)
 543 L a   1.039   0.000 (  0.031   3.929)
 544 P b   1.039   0.000 (  0.031   3.929)
 545 N c   1.039   0.000 (  0.031   3.929)
 546 L d   1.039   0.000 (  0.031   3.929)
 547 T e   1.039   0.000 (  0.031   3.929)
 548 S f   1.039   0.000 (  0.031   3.929)
 549 L e   1.045   0.000 (  0.034   3.866)
 550 R f   1.096   0.001 (  0.063   3.305)
 551 V g   1.098   0.001 (  0.065   3.274)
 552 L a   1.114   0.001 (  0.079   3.075)
 553 S b   1.114   0.001 (  0.079   3.075)
 554 L c   1.114   0.001 (  0.079   3.075)
 555 A d   1.114   0.001 (  0.079   3.075)
 556 G e   1.114   0.001 (  0.079   3.075)
 557 Y f   1.114   0.001 (  0.079   3.075)
 558 S g   1.114   0.001 (  0.079   3.075)
 559 L a   1.114   0.001 (  0.079   3.075)
 560 P b   1.114   0.001 (  0.079   3.075)
 561 Y g   1.267   0.012 (  0.388   1.311)
 562 L a   1.314   0.025 (  0.585   0.912)
 563 P b   1.314   0.025 (  0.585   0.912)
 564 D c   1.314   0.025 (  0.585   0.912)
 565 S d   1.314   0.025 (  0.585   0.912)
 566 I e   1.314   0.025 (  0.585   0.912)
 567 Q f   1.314   0.025 (  0.585   0.912)
 568 R g   1.314   0.025 (  0.585   0.912)
 569 L a   1.314   0.025 (  0.585   0.912)
 570 K b   1.314   0.025 (  0.585   0.912)
 571 Q c   1.314   0.025 (  0.585   0.912)
 572 L d   1.314   0.025 (  0.585   0.912)
 573 R e   1.314   0.025 (  0.585   0.912)
 574 L f   1.314   0.025 (  0.585   0.912)
 575 L g   1.314   0.025 (  0.585   0.912)
 576 N a   1.314   0.025 (  0.585   0.912)
 577 L b   1.314   0.025 (  0.585   0.912)
 578 S c   1.314   0.025 (  0.585   0.912)
 579 L d   1.314   0.025 (  0.585   0.912)
 580 S e   1.314   0.025 (  0.585   0.912)
 581 N f   1.314   0.025 (  0.585   0.912)
 582 I g   1.314   0.025 (  0.585   0.912)
 583 E b   1.203   0.004 (  0.210   1.982)
 584 N c   1.203   0.004 (  0.210   1.982)
 585 L d   1.203   0.004 (  0.210   1.982)
 586 P e   1.088   0.001 (  0.058   3.392)
 587 D f   1.088   0.001 (  0.058   3.392)
 588 W g   0.946   0.000 (  0.009   4.513)
 589 V e   1.070   0.001 (  0.046   3.603)
 590 C f   1.070   0.001 (  0.046   3.603)
 591 T g   1.070   0.001 (  0.046   3.603)
 592 F a   1.070   0.001 (  0.046   3.603)
 593 Y b   1.152   0.002 (  0.121   2.612)
 594 N c   1.199   0.004 (  0.201   2.033)
 595 L d   1.199   0.004 (  0.201   2.033)
 596 Q e   1.199   0.004 (  0.201   2.033)
 597 T f   1.199   0.004 (  0.201   2.033)
 598 L g   1.199   0.004 (  0.201   2.033)
 599 L a   1.199   0.004 (  0.201   2.033)
 600 L b   1.199   0.004 (  0.201   2.033)
 601 S c   1.199   0.004 (  0.201   2.033)
 602 D d   1.199   0.004 (  0.201   2.033)
 603 C e   1.199   0.004 (  0.201   2.033)
 604 K f   1.199   0.004 (  0.201   2.033)
 605 N g   1.199   0.004 (  0.201   2.033)
 606 L a   1.199   0.004 (  0.201   2.033)
 607 E b   1.199   0.004 (  0.201   2.033)
 608 E c   1.199   0.004 (  0.201   2.033)
 609 L d   1.199   0.004 (  0.201   2.033)
 610 P e   1.199   0.004 (  0.201   2.033)
 611 D f   1.199   0.004 (  0.201   2.033)
 612 D g   1.199   0.004 (  0.201   2.033)
 613 M a   1.199   0.004 (  0.201   2.033)
 614 G b   1.199   0.004 (  0.201   2.033)
 615 K c   1.192   0.004 (  0.187   2.114)
 616 L d   1.192   0.004 (  0.187   2.114)
 617 L e   1.180   0.003 (  0.166   2.256)
 618 N f   1.180   0.003 (  0.166   2.256)
 619 L g   1.180   0.003 (  0.166   2.256)
 620 R f   1.139   0.002 (  0.105   2.773)
 621 H g   1.139   0.002 (  0.105   2.773)
 622 L a   1.139   0.002 (  0.105   2.773)
 623 D b   1.139   0.002 (  0.105   2.773)
 624 I c   1.139   0.002 (  0.105   2.773)
 625 T d   1.139   0.002 (  0.105   2.773)
 626 G e   1.139   0.002 (  0.105   2.773)
 627 T f   1.139   0.002 (  0.105   2.773)
 628 P g   1.139   0.002 (  0.105   2.773)
 629 L a   1.139   0.002 (  0.105   2.773)
 630 K b   1.139   0.002 (  0.105   2.773)
 631 K c   1.139   0.002 (  0.105   2.773)
 632 L d   1.139   0.002 (  0.105   2.773)
 633 P e   1.139   0.002 (  0.105   2.773)
 634 A f   1.139   0.002 (  0.105   2.773)
 635 Q g   1.139   0.002 (  0.105   2.773)
 636 I a   1.139   0.002 (  0.105   2.773)
 637 G b   1.139   0.002 (  0.105   2.773)
 638 E c   1.139   0.002 (  0.105   2.773)
 639 L d   1.139   0.002 (  0.105   2.773)
 640 K e   1.139   0.002 (  0.105   2.773)
 641 C f   1.095   0.001 (  0.063   3.318)
 642 L g   1.095   0.001 (  0.063   3.318)
 643 Q e   0.981   0.000 (  0.014   4.376)
 644 V f   0.981   0.000 (  0.014   4.376)
 645 L g   0.981   0.000 (  0.014   4.376)
 646 T a   0.981   0.000 (  0.014   4.376)
 647 T b   0.981   0.000 (  0.014   4.376)
 648 F c   0.981   0.000 (  0.014   4.376)
 649 V d   0.981   0.000 (  0.014   4.376)
 650 C e   0.950   0.000 (  0.009   4.502)
 651 N f   0.950   0.000 (  0.009   4.502)
 652 K g   0.950   0.000 (  0.009   4.502)
 653 D a   0.781   0.000 (  0.001   3.722)
 654 P b   0.781   0.000 (  0.001   3.722)
 655 G b   0.898   0.000 (  0.004   4.523)
 656 L c   0.905   0.000 (  0.005   4.535)
 657 M d   0.971   0.000 (  0.012   4.427)
 658 I e   0.971   0.000 (  0.012   4.427)
 659 E f   0.971   0.000 (  0.012   4.427)
 660 D g   0.971   0.000 (  0.012   4.427)
 661 L a   0.971   0.000 (  0.012   4.427)
 662 G b   0.971   0.000 (  0.012   4.427)
 663 K c   0.971   0.000 (  0.012   4.427)
 664 L d   0.971   0.000 (  0.012   4.427)
 665 C e   0.971   0.000 (  0.012   4.427)
 666 N f   0.971   0.000 (  0.012   4.427)
 667 L g   0.971   0.000 (  0.012   4.427)
 668 R c   1.005   0.000 (  0.020   4.222)
 669 G d   1.011   0.000 (  0.022   4.171)
 670 K e   1.252   0.009 (  0.338   1.455)
 671 L f   1.252   0.009 (  0.338   1.455)
 672 T g   1.252   0.009 (  0.338   1.455)
 673 V a   1.277   0.014 (  0.423   1.222)
 674 S b   1.277   0.014 (  0.423   1.222)
 675 G c   1.277   0.014 (  0.423   1.222)
 676 L d   1.277   0.014 (  0.423   1.222)
 677 E e   1.277   0.014 (  0.423   1.222)
 678 N f   1.277   0.014 (  0.423   1.222)
 679 A g   1.277   0.014 (  0.423   1.222)
 680 G a   1.277   0.014 (  0.423   1.222)
 681 N b   1.278   0.014 (  0.427   1.213)
 682 G c   1.307   0.022 (  0.551   0.965)
 683 L d   1.307   0.022 (  0.551   0.965)
 684 D e   1.307   0.022 (  0.551   0.965)
 685 A f   1.307   0.022 (  0.551   0.965)
 686 T g   1.307   0.022 (  0.551   0.965)
 687 L a   1.307   0.022 (  0.551   0.965)
 688 A b   1.307   0.022 (  0.551   0.965)
 689 N c   1.307   0.022 (  0.551   0.965)
 690 M d   1.307   0.022 (  0.551   0.965)
 691 K e   1.307   0.022 (  0.551   0.965)
 692 G f   1.307   0.022 (  0.551   0.965)
 693 K g   1.307   0.022 (  0.551   0.965)
 694 K a   1.307   0.022 (  0.551   0.965)
 695 H b   1.307   0.022 (  0.551   0.965)
 696 L c   1.307   0.022 (  0.551   0.965)
 697 E d   1.307   0.022 (  0.551   0.965)
 698 D e   1.307   0.022 (  0.551   0.965)
 699 L f   1.307   0.022 (  0.551   0.965)
 700 S g   1.307   0.022 (  0.551   0.965)
 701 L a   1.307   0.022 (  0.551   0.965)
 702 E b   1.307   0.022 (  0.551   0.965)
 703 W c   1.227   0.006 (  0.267   1.713)
 704 N e   1.160   0.002 (  0.132   2.511)
 705 G f   1.160   0.002 (  0.132   2.511)
 706 T g   1.160   0.002 (  0.132   2.511)
 707 A a   1.160   0.002 (  0.132   2.511)
 708 D b   1.160   0.002 (  0.132   2.511)
 709 D c   1.160   0.002 (  0.132   2.511)
 710 S d   1.160   0.002 (  0.132   2.511)
 711 Q e   1.160   0.002 (  0.132   2.511)
 712 E f   1.160   0.002 (  0.132   2.511)
 713 A g   1.160   0.002 (  0.132   2.511)
 714 I a   1.160   0.002 (  0.132   2.511)
 715 D b   1.158   0.002 (  0.130   2.531)
 716 I c   1.138   0.001 (  0.104   2.783)
 717 L d   1.138   0.001 (  0.104   2.783)
 718 Q e   1.117   0.001 (  0.081   3.048)
 719 K f   1.117   0.001 (  0.081   3.048)
 720 L g   1.117   0.001 (  0.081   3.048)
 721 Q a   1.111   0.001 (  0.076   3.123)
 722 P b   1.077   0.001 (  0.051   3.519)
 723 S g   1.073   0.001 (  0.048   3.568)
 724 S a   1.073   0.001 (  0.048   3.568)
 725 R b   1.073   0.001 (  0.048   3.568)
 726 I c   1.073   0.001 (  0.048   3.568)
 727 K d   1.073   0.001 (  0.048   3.568)
 728 R e   1.073   0.001 (  0.048   3.568)
 729 L f   1.073   0.001 (  0.048   3.568)
 730 E g   1.073   0.001 (  0.048   3.568)
 731 V a   1.073   0.001 (  0.048   3.568)
 732 K b   1.072   0.001 (  0.047   3.585)
 733 G c   1.005   0.000 (  0.020   4.222)
 734 Y d   0.974   0.000 (  0.013   4.412)
 735 G e   0.943   0.000 (  0.008   4.521)
 736 G f   0.929   0.000 (  0.007   4.541)
 737 T g   0.929   0.000 (  0.007   4.541)
 738 R a   0.849   0.000 (  0.002   4.315)
 739 F b   0.758   0.000 (  0.000   3.462)
 740 P b   0.701   0.000 (  0.000   2.768)
 741 D c   0.701   0.000 (  0.000   2.768)
 742 W d   0.701   0.000 (  0.000   2.768)
 743 L e   0.701   0.000 (  0.000   2.768)
 744 A f   0.701   0.000 (  0.000   2.768)
 745 D g   0.701   0.000 (  0.000   2.768)
 746 Q a   0.701   0.000 (  0.000   2.768)
 747 S b   0.701   0.000 (  0.000   2.768)
 748 F c   0.701   0.000 (  0.000   2.768)
 749 H d   0.701   0.000 (  0.000   2.768)
 750 N e   0.701   0.000 (  0.000   2.768)
 751 V f   0.701   0.000 (  0.000   2.768)
 752 V g   0.701   0.000 (  0.000   2.768)
 753 S a   0.701   0.000 (  0.000   2.768)
 754 V b   0.701   0.000 (  0.000   2.768)
 755 I f   0.712   0.000 (  0.000   2.907)
 756 L g   0.712   0.000 (  0.000   2.907)
 757 S a   0.712   0.000 (  0.000   2.907)
 758 R b   0.712   0.000 (  0.000   2.907)
 759 C c   0.712   0.000 (  0.000   2.907)
 760 S d   0.712   0.000 (  0.000   2.907)
 761 N e   0.712   0.000 (  0.000   2.907)
 762 C f   0.712   0.000 (  0.000   2.907)
 763 F g   0.712   0.000 (  0.000   2.907)
 764 C a   0.712   0.000 (  0.000   2.907)
 765 L e   0.720   0.000 (  0.000   3.012)
 766 P f   0.729   0.000 (  0.000   3.120)
 767 A g   0.853   0.000 (  0.002   4.339)
 768 L a   0.853   0.000 (  0.002   4.339)
 769 G b   0.853   0.000 (  0.002   4.339)
 770 Q c   0.853   0.000 (  0.002   4.339)
 771 L d   0.853   0.000 (  0.002   4.339)
 772 P e   0.853   0.000 (  0.002   4.339)
 773 S f   0.853   0.000 (  0.002   4.339)
 774 L g   0.853   0.000 (  0.002   4.339)
 775 K a   0.853   0.000 (  0.002   4.339)
 776 F b   0.853   0.000 (  0.002   4.339)
 777 L c   0.853   0.000 (  0.002   4.339)
 778 T d   0.853   0.000 (  0.002   4.339)
 779 I e   0.853   0.000 (  0.002   4.339)
 780 A f   0.853   0.000 (  0.002   4.339)
 781 D g   0.853   0.000 (  0.002   4.339)
 782 M a   0.853   0.000 (  0.002   4.339)
 783 G b   0.853   0.000 (  0.002   4.339)
 784 K c   0.853   0.000 (  0.002   4.339)
 785 I d   0.853   0.000 (  0.002   4.339)
 786 S e   0.853   0.000 (  0.002   4.339)
 787 I f   0.853   0.000 (  0.002   4.339)
 788 I g   0.821   0.000 (  0.001   4.108)
 789 D b   0.805   0.000 (  0.001   3.967)
 790 M c   0.805   0.000 (  0.001   3.967)
 791 Q d   0.805   0.000 (  0.001   3.967)
 792 F e   0.805   0.000 (  0.001   3.967)
 793 Y f   0.805   0.000 (  0.001   3.967)
 794 G g   0.805   0.000 (  0.001   3.967)
 795 N e   0.843   0.000 (  0.002   4.276)
 796 G f   0.843   0.000 (  0.002   4.276)
 797 S g   0.843   0.000 (  0.002   4.276)
 798 V a   0.843   0.000 (  0.002   4.276)
 799 F b   0.843   0.000 (  0.002   4.276)
 800 E c   0.843   0.000 (  0.002   4.276)
 801 I d   0.843   0.000 (  0.002   4.276)
 802 F e   0.843   0.000 (  0.002   4.276)
 803 Q f   0.843   0.000 (  0.002   4.276)
 804 S g   0.843   0.000 (  0.002   4.276)
 805 L a   0.843   0.000 (  0.002   4.276)
 806 Q b   0.843   0.000 (  0.002   4.276)
 807 I c   0.843   0.000 (  0.002   4.276)
 808 L d   0.843   0.000 (  0.002   4.276)
 809 R e   0.843   0.000 (  0.002   4.276)
 810 I f   0.843   0.000 (  0.002   4.276)
 811 E g   0.843   0.000 (  0.002   4.276)
 812 E a   0.843   0.000 (  0.002   4.276)
 813 M b   0.843   0.000 (  0.002   4.276)
 814 P c   0.843   0.000 (  0.002   4.276)
 815 E d   0.843   0.000 (  0.002   4.276)
 816 W e   0.760   0.000 (  0.000   3.493)
 817 K b   0.815   0.000 (  0.001   4.058)
 818 D c   0.815   0.000 (  0.001   4.058)
 819 W d   0.815   0.000 (  0.001   4.058)
 820 L e   0.815   0.000 (  0.001   4.058)
 821 V f   0.815   0.000 (  0.001   4.058)
 822 P g   0.815   0.000 (  0.001   4.058)
 823 R a   0.815   0.000 (  0.001   4.058)
 824 K b   0.815   0.000 (  0.001   4.058)
 825 G c   0.815   0.000 (  0.001   4.058)
 826 V d   0.815   0.000 (  0.001   4.058)
 827 F e   0.815   0.000 (  0.001   4.058)
 828 C f   0.815   0.000 (  0.001   4.058)
 829 G b   0.842   0.000 (  0.002   4.268)
 830 L c   0.848   0.000 (  0.002   4.310)
 831 Q d   0.875   0.000 (  0.003   4.451)
 832 E e   0.996   0.000 (  0.018   4.281)
 833 L f   0.996   0.000 (  0.018   4.281)
 834 H d   1.000   0.000 (  0.019   4.254)
 835 I e   1.000   0.000 (  0.019   4.254)
 836 I f   1.062   0.000 (  0.042   3.690)
 837 N g   1.068   0.000 (  0.045   3.629)
 838 C a   1.068   0.000 (  0.045   3.629)
 839 P b   1.068   0.000 (  0.045   3.629)
 840 K c   1.068   0.000 (  0.045   3.629)
 841 L d   1.068   0.000 (  0.045   3.629)
 842 V e   1.068   0.000 (  0.045   3.629)
 843 G f   1.068   0.000 (  0.045   3.629)
 844 D g   1.068   0.000 (  0.045   3.629)
 845 L a   1.068   0.000 (  0.045   3.629)
 846 P b   1.068   0.000 (  0.045   3.629)
 847 K c   1.068   0.000 (  0.045   3.629)
 848 Q d   1.068   0.000 (  0.045   3.629)
 849 L e   1.068   0.000 (  0.045   3.629)
 850 L f   1.068   0.000 (  0.045   3.629)
 851 S g   1.068   0.000 (  0.045   3.629)
 852 L a   1.068   0.000 (  0.045   3.629)
 853 T b   1.068   0.000 (  0.045   3.629)
 854 E c   1.068   0.000 (  0.045   3.629)
 855 F d   1.068   0.000 (  0.045   3.629)
 856 E e   1.068   0.000 (  0.045   3.629)
 857 L f   1.068   0.000 (  0.045   3.629)
 858 S g   1.020   0.000 (  0.024   4.103)
 859 G a   0.835   0.000 (  0.002   4.221)
 860 C d   0.732   0.000 (  0.000   3.151)
 861 P e   0.732   0.000 (  0.000   3.151)
 862 G a   0.781   0.000 (  0.001   3.726)
 863 L b   0.977   0.000 (  0.013   4.394)
 864 V c   0.977   0.000 (  0.013   4.394)
 865 L d   1.032   0.000 (  0.029   3.989)
 866 S e   1.032   0.000 (  0.029   3.989)
 867 D f   1.032   0.000 (  0.029   3.989)
 868 G g   1.032   0.000 (  0.029   3.989)
 869 R a   1.032   0.000 (  0.029   3.989)
 870 F b   1.032   0.000 (  0.029   3.989)
 871 S c   1.032   0.000 (  0.029   3.989)
 872 M d   1.032   0.000 (  0.029   3.989)
 873 F e   1.032   0.000 (  0.029   3.989)
 874 N g   1.063   0.000 (  0.043   3.675)
 875 S a   1.063   0.000 (  0.043   3.675)
 876 L b   1.063   0.000 (  0.043   3.675)
 877 D c   1.063   0.000 (  0.043   3.675)
 878 L d   1.063   0.000 (  0.043   3.675)
 879 Y e   1.063   0.000 (  0.043   3.675)
 880 S f   1.063   0.000 (  0.043   3.675)
 881 L g   1.063   0.000 (  0.043   3.675)
 882 K a   1.063   0.000 (  0.043   3.675)
 883 K b   1.063   0.000 (  0.043   3.675)
 884 L c   1.063   0.000 (  0.043   3.675)
 885 K d   1.063   0.000 (  0.043   3.675)
 886 I e   1.063   0.000 (  0.043   3.675)
 887 S f   1.063   0.000 (  0.043   3.675)
 888 N g   1.063   0.000 (  0.043   3.675)
 889 M a   1.063   0.000 (  0.043   3.675)
 890 P b   1.063   0.000 (  0.043   3.675)
 891 S g   1.129   0.001 (  0.094   2.896)
 892 L a   1.182   0.003 (  0.169   2.235)
 893 E b   1.182   0.003 (  0.169   2.235)
 894 D c   1.182   0.003 (  0.169   2.235)
 895 F d   1.182   0.003 (  0.169   2.235)
 896 T e   1.182   0.003 (  0.169   2.235)
 897 S f   1.182   0.003 (  0.169   2.235)
 898 E g   1.182   0.003 (  0.169   2.235)
 899 L a   1.182   0.003 (  0.169   2.235)
 900 K b   1.182   0.003 (  0.169   2.235)
 901 K c   1.182   0.003 (  0.169   2.235)
 902 L d   1.182   0.003 (  0.169   2.235)
 903 T e   1.182   0.003 (  0.169   2.235)
 904 G f   1.182   0.003 (  0.169   2.235)
 905 L g   1.182   0.003 (  0.169   2.235)
 906 E a   1.182   0.003 (  0.169   2.235)
 907 D b   1.182   0.003 (  0.169   2.235)
 908 F c   1.182   0.003 (  0.169   2.235)
 909 E d   1.182   0.003 (  0.169   2.235)
 910 I e   1.182   0.003 (  0.169   2.235)
 911 G f   1.182   0.003 (  0.169   2.235)
 912 N g   1.182   0.003 (  0.169   2.235)
 913 C a   1.113   0.001 (  0.078   3.092)
 914 P b   1.113   0.001 (  0.078   3.092)
 915 K c   1.113   0.001 (  0.078   3.092)
 916 L d   1.113   0.001 (  0.078   3.092)
 917 I e   1.083   0.001 (  0.055   3.449)
 918 S f   1.083   0.001 (  0.055   3.449)
 919 I g   0.994   0.000 (  0.017   4.294)
 920 F f   0.934   0.000 (  0.007   4.536)
 921 D g   0.934   0.000 (  0.007   4.536)
 922 M a   0.934   0.000 (  0.007   4.536)
 923 G b   0.934   0.000 (  0.007   4.536)
 924 R c   0.934   0.000 (  0.007   4.536)
 925 L d   0.934   0.000 (  0.007   4.536)
 926 P e   0.934   0.000 (  0.007   4.536)
 927 A f   0.934   0.000 (  0.007   4.536)
 928 S g   0.934   0.000 (  0.007   4.536)
 929 L a   0.934   0.000 (  0.007   4.536)
 930 K b   0.934   0.000 (  0.007   4.536)
 931 T c   0.934   0.000 (  0.007   4.536)
 932 L d   0.934   0.000 (  0.007   4.536)
 933 K e   0.934   0.000 (  0.007   4.536)
 934 I f   0.934   0.000 (  0.007   4.536)
 935 S g   0.934   0.000 (  0.007   4.536)
 936 G d   0.756   0.000 (  0.000   3.446)
 937 C e   0.756   0.000 (  0.000   3.446)
 938 P f   0.756   0.000 (  0.000   3.446)
 939 Q b   0.906   0.000 (  0.005   4.536)
 940 M c   0.906   0.000 (  0.005   4.536)
 941 Q d   0.906   0.000 (  0.005   4.536)
 942 F e   0.906   0.000 (  0.005   4.536)
 943 L f   0.906   0.000 (  0.005   4.536)
 944 P g   0.906   0.000 (  0.005   4.536)
 945 K a   0.906   0.000 (  0.005   4.536)
 946 D b   0.906   0.000 (  0.005   4.536)
 947 C c   0.906   0.000 (  0.005   4.536)
 948 L d   0.906   0.000 (  0.005   4.536)
 949 F e   0.906   0.000 (  0.005   4.536)
 950 G f   0.906   0.000 (  0.005   4.536)
 951 S g   0.906   0.000 (  0.005   4.536)
 952 L a   0.906   0.000 (  0.005   4.536)
 953 E b   0.906   0.000 (  0.005   4.536)
 954 Q c   0.906   0.000 (  0.005   4.536)
 955 L d   0.906   0.000 (  0.005   4.536)
 956 R e   0.906   0.000 (  0.005   4.536)
 957 I f   0.906   0.000 (  0.005   4.536)
 958 R g   0.906   0.000 (  0.005   4.536)
 959 E a   0.906   0.000 (  0.005   4.536)
 960 A b   0.890   0.000 (  0.004   4.504)
 961 G c   0.889   0.000 (  0.004   4.502)
 962 D g   0.846   0.000 (  0.002   4.295)
 963 A b   0.884   0.000 (  0.003   4.485)
 964 P c   0.911   0.000 (  0.005   4.542)
 965 K d   1.013   0.000 (  0.022   4.159)
 966 D e   1.181   0.003 (  0.166   2.252)
 967 L f   1.262   0.011 (  0.370   1.360)
 968 S g   1.281   0.015 (  0.438   1.186)
 969 L a   1.284   0.015 (  0.452   1.156)
 970 G b   1.284   0.015 (  0.452   1.156)
 971 L c   1.284   0.015 (  0.452   1.156)
 972 L d   1.284   0.015 (  0.452   1.156)
 973 Q e   1.284   0.015 (  0.452   1.156)
 974 K f   1.284   0.015 (  0.452   1.156)
 975 I g   1.284   0.015 (  0.452   1.156)
 976 R a   1.284   0.015 (  0.452   1.156)
 977 D b   1.284   0.015 (  0.452   1.156)
 978 L c   1.284   0.015 (  0.452   1.156)
 979 E d   1.284   0.015 (  0.452   1.156)
 980 I e   1.284   0.015 (  0.452   1.156)
 981 Q f   1.284   0.015 (  0.452   1.156)
 982 D g   1.284   0.015 (  0.452   1.156)
 983 C a   1.284   0.015 (  0.452   1.156)
 984 E b   1.284   0.015 (  0.452   1.156)
 985 G c   1.284   0.015 (  0.452   1.156)
 986 L d   1.284   0.015 (  0.452   1.156)
 987 E e   1.284   0.015 (  0.452   1.156)
 988 S f   1.284   0.015 (  0.452   1.156)
 989 L g   1.284   0.015 (  0.452   1.156)
 990 S a   1.107   0.001 (  0.073   3.169)
 991 F b   1.107   0.001 (  0.073   3.169)
 992 E c   1.107   0.001 (  0.073   3.169)
 993 H d   0.975   0.000 (  0.013   4.405)
 994 G e   0.959   0.000 (  0.010   4.476)
 995 S f   0.959   0.000 (  0.010   4.476)
 996 E g   0.959   0.000 (  0.010   4.476)
 997 N a   0.959   0.000 (  0.010   4.476)
 998 L a   0.933   0.000 (  0.007   4.538)
 999 A b   0.933   0.000 (  0.007   4.538)
1000 S c   0.933   0.000 (  0.007   4.538)
1001 L d   0.933   0.000 (  0.007   4.538)
1002 G e   0.933   0.000 (  0.007   4.538)
1003 S f   0.933   0.000 (  0.007   4.538)
1004 I g   0.933   0.000 (  0.007   4.538)
1005 L a   0.933   0.000 (  0.007   4.538)
1006 V a   0.939   0.000 (  0.008   4.528)
1007 W b   0.939   0.000 (  0.008   4.528)
1008 G c   0.939   0.000 (  0.008   4.528)
1009 C d   0.939   0.000 (  0.008   4.528)
1010 G e   0.939   0.000 (  0.008   4.528)
1011 N f   0.939   0.000 (  0.008   4.528)
1012 L g   0.939   0.000 (  0.008   4.528)
1013 R a   0.939   0.000 (  0.008   4.528)
1014 S b   0.939   0.000 (  0.008   4.528)
1015 F c   0.939   0.000 (  0.008   4.528)
1016 L d   0.939   0.000 (  0.008   4.528)
1017 Q e   0.939   0.000 (  0.008   4.528)
1018 E f   0.939   0.000 (  0.008   4.528)
1019 G g   0.939   0.000 (  0.008   4.528)
1020 L a   0.939   0.000 (  0.008   4.528)
1021 P b   0.939   0.000 (  0.008   4.528)
1022 A c   0.939   0.000 (  0.008   4.528)
1023 A d   0.939   0.000 (  0.008   4.528)
1024 N e   0.939   0.000 (  0.008   4.528)
1025 L f   0.939   0.000 (  0.008   4.528)
1026 T g   0.939   0.000 (  0.008   4.528)
1027 W a   0.917   0.000 (  0.006   4.545)
1028 I b   0.917   0.000 (  0.006   4.545)
1029 M c   0.917   0.000 (  0.006   4.545)
1030 L d   0.917   0.000 (  0.006   4.545)
1031 Y e   0.917   0.000 (  0.006   4.545)
1032 G b   0.862   0.000 (  0.002   4.389)
1033 C e   1.114   0.001 (  0.079   3.076)
1034 K f   1.129   0.001 (  0.094   2.894)
1035 K g   1.129   0.001 (  0.094   2.894)
1036 L a   1.129   0.001 (  0.094   2.894)
1037 K b   1.129   0.001 (  0.094   2.894)
1038 L c   1.129   0.001 (  0.094   2.894)
1039 L d   1.129   0.001 (  0.094   2.894)
1040 P e   1.129   0.001 (  0.094   2.894)
1041 K f   1.129   0.001 (  0.094   2.894)
1042 G g   1.129   0.001 (  0.094   2.894)
1043 M a   1.129   0.001 (  0.094   2.894)
1044 R b   1.129   0.001 (  0.094   2.894)
1045 S c   1.129   0.001 (  0.094   2.894)
1046 L d   1.129   0.001 (  0.094   2.894)
1047 L e   1.129   0.001 (  0.094   2.894)
1048 P f   1.129   0.001 (  0.094   2.894)
1049 S g   1.129   0.001 (  0.094   2.894)
1050 L a   1.129   0.001 (  0.094   2.894)
1051 R b   1.129   0.001 (  0.094   2.894)
1052 L c   1.129   0.001 (  0.094   2.894)
1053 L d   1.129   0.001 (  0.094   2.894)
1054 Y e   1.129   0.001 (  0.094   2.894)
1055 M f   1.081   0.001 (  0.053   3.478)
1056 W g   0.916   0.000 (  0.005   4.545)
1057 N a   0.850   0.000 (  0.002   4.323)
1058 C e   0.806   0.000 (  0.001   3.970)
1059 P f   0.806   0.000 (  0.001   3.970)
1060 E g   0.806   0.000 (  0.001   3.970)
1061 I a   0.806   0.000 (  0.001   3.970)
1062 E b   0.806   0.000 (  0.001   3.970)
1063 C c   0.802   0.000 (  0.001   3.941)
1064 F d   0.750   0.000 (  0.000   3.370)
1065 P d   0.723   0.000 (  0.000   3.050)
1066 E e   1.032   0.000 (  0.028   3.996)
1067 E f   1.032   0.000 (  0.028   3.996)
1068 G g   1.032   0.000 (  0.028   3.996)
1069 L a   1.078   0.001 (  0.051   3.516)
1070 P b   1.078   0.001 (  0.051   3.516)
1071 F c   1.078   0.001 (  0.051   3.516)
1072 S d   1.078   0.001 (  0.051   3.516)
1073 L e   1.106   0.001 (  0.072   3.178)
1074 E f   1.168   0.002 (  0.145   2.410)
1075 T g   1.168   0.002 (  0.145   2.410)
1076 L a   1.168   0.002 (  0.145   2.410)
1077 E b   1.168   0.002 (  0.145   2.410)
1078 I c   1.168   0.002 (  0.145   2.410)
1079 Y d   1.168   0.002 (  0.145   2.410)
1080 N e   1.168   0.002 (  0.145   2.410)
1081 C f   1.168   0.002 (  0.145   2.410)
1082 E g   1.168   0.002 (  0.145   2.410)
1083 I a   1.168   0.002 (  0.145   2.410)
1084 L b   1.168   0.002 (  0.145   2.410)
1085 M c   1.168   0.002 (  0.145   2.410)
1086 S d   1.168   0.002 (  0.145   2.410)
1087 R e   1.168   0.002 (  0.145   2.410)
1088 R f   1.168   0.002 (  0.145   2.410)
1089 R g   1.168   0.002 (  0.145   2.410)
1090 E a   1.168   0.002 (  0.145   2.410)
1091 W b   1.168   0.002 (  0.145   2.410)
1092 N c   1.168   0.002 (  0.145   2.410)
1093 L d   1.168   0.002 (  0.145   2.410)
1094 Q e   1.168   0.002 (  0.145   2.410)
1095 T f   1.113   0.001 (  0.078   3.096)
1096 L g   1.099   0.001 (  0.066   3.260)
1097 P b   1.025   0.000 (  0.026   4.055)
1098 S c   1.025   0.000 (  0.026   4.055)
1099 L d   1.025   0.000 (  0.026   4.055)
1100 R e   1.025   0.000 (  0.026   4.055)
1101 E f   1.025   0.000 (  0.026   4.055)
1102 L g   1.025   0.000 (  0.026   4.055)
1103 M a   1.025   0.000 (  0.026   4.055)
1104 I b   1.025   0.000 (  0.026   4.055)
1105 G c   1.025   0.000 (  0.026   4.055)
1106 E d   0.982   0.000 (  0.014   4.370)
1107 T e   0.982   0.000 (  0.014   4.370)
1108 H f   0.954   0.000 (  0.010   4.490)
1109 Q g   0.954   0.000 (  0.010   4.490)
1110 Q d   0.925   0.000 (  0.006   4.544)
1111 L e   0.858   0.000 (  0.002   4.367)
1112 F f   0.848   0.000 (  0.002   4.307)
1113 P c   0.838   0.000 (  0.002   4.239)
1114 E d   0.838   0.000 (  0.002   4.239)
1115 D e   0.838   0.000 (  0.002   4.239)
1116 W f   0.838   0.000 (  0.002   4.239)
1117 L c   0.844   0.000 (  0.002   4.285)
1118 L d   0.844   0.000 (  0.002   4.285)
1119 P e   0.844   0.000 (  0.002   4.285)
1120 S b   0.957   0.000 (  0.010   4.483)
1121 T c   0.957   0.000 (  0.010   4.483)
1122 L d   0.957   0.000 (  0.010   4.482)
1123 R e   0.957   0.000 (  0.010   4.482)
1124 V e   0.977   0.000 (  0.013   4.398)
1125 L f   0.988   0.000 (  0.016   4.335)
1126 R g   1.002   0.000 (  0.019   4.237)
1127 I a   1.002   0.000 (  0.019   4.237)
1128 Y f   1.070   0.001 (  0.047   3.598)
1129 F g   1.133   0.001 (  0.098   2.849)
1130 L a   1.239   0.007 (  0.299   1.588)
1131 H b   1.239   0.007 (  0.299   1.588)
1132 D c   1.239   0.007 (  0.299   1.588)
1133 L d   1.239   0.007 (  0.299   1.588)
1134 E e   1.239   0.007 (  0.299   1.588)
1135 A f   1.239   0.007 (  0.299   1.588)
1136 L g   1.239   0.007 (  0.299   1.588)
1137 S a   1.239   0.007 (  0.299   1.588)
1138 Y b   1.239   0.007 (  0.299   1.588)
1139 K c   1.239   0.007 (  0.299   1.588)
1140 S d   1.239   0.007 (  0.299   1.588)
1141 L e   1.239   0.007 (  0.299   1.588)
1142 K f   1.239   0.007 (  0.299   1.588)
1143 Q g   1.239   0.007 (  0.299   1.588)
1144 L a   1.239   0.007 (  0.299   1.588)
1145 I b   1.239   0.007 (  0.299   1.588)
1146 S c   1.239   0.007 (  0.299   1.588)
1147 L d   1.239   0.007 (  0.299   1.588)
1148 E e   1.239   0.007 (  0.299   1.588)
1149 T f   1.239   0.007 (  0.299   1.588)
1150 L g   1.239   0.007 (  0.299   1.588)
1151 C e   1.153   0.002 (  0.123   2.597)
1152 I f   1.140   0.002 (  0.107   2.754)
1153 W c   0.992   0.000 (  0.016   4.310)
1154 G d   0.992   0.000 (  0.016   4.310)
1155 C e   0.992   0.000 (  0.016   4.310)
1156 H f   0.992   0.000 (  0.016   4.310)
1157 H g   0.992   0.000 (  0.016   4.310)
1158 L a   0.992   0.000 (  0.016   4.310)
1159 Q b   0.992   0.000 (  0.016   4.310)
1160 S c   0.992   0.000 (  0.016   4.310)
1161 L d   0.992   0.000 (  0.016   4.310)
1162 P e   0.881   0.000 (  0.003   4.475)
1163 K f   0.881   0.000 (  0.003   4.475)
1164 E g   0.881   0.000 (  0.003   4.475)
1165 G c   0.788   0.000 (  0.001   3.797)
1166 L d   0.788   0.000 (  0.001   3.797)
1167 P e   0.788   0.000 (  0.001   3.797)
1168 R f   0.788   0.000 (  0.001   3.797)
1169 S g   0.788   0.000 (  0.001   3.797)
1170 L a   0.788   0.000 (  0.001   3.797)
1171 S b   0.788   0.000 (  0.001   3.797)
1172 Q c   0.788   0.000 (  0.001   3.797)
1173 L d   0.788   0.000 (  0.001   3.797)
1174 I e   0.788   0.000 (  0.001   3.797)
1175 V f   0.788   0.000 (  0.001   3.797)
1176 Y g   0.788   0.000 (  0.001   3.797)
1177 D g   0.777   0.000 (  0.001   3.681)
1178 C a   0.777   0.000 (  0.001   3.681)
1179 P b   0.777   0.000 (  0.001   3.681)
1180 L c   0.777   0.000 (  0.001   3.681)
1181 L d   0.777   0.000 (  0.001   3.681)
1182 K e   0.777   0.000 (  0.001   3.681)
1183 P f   0.777   0.000 (  0.001   3.681)
1184 H g   0.823   0.000 (  0.001   4.124)
1185 L a   0.858   0.000 (  0.002   4.371)
1186 D b   0.858   0.000 (  0.002   4.371)
1187 C c   0.858   0.000 (  0.002   4.371)
1188 A d   0.858   0.000 (  0.002   4.371)
1189 T e   0.858   0.000 (  0.002   4.371)
1190 G f   0.858   0.000 (  0.002   4.371)
1191 Q g   0.858   0.000 (  0.002   4.371)
1192 D a   0.858   0.000 (  0.002   4.371)
1193 W b   0.858   0.000 (  0.002   4.371)
1194 R c   0.858   0.000 (  0.002   4.371)
1195 K d   0.858   0.000 (  0.002   4.371)
1196 V e   0.858   0.000 (  0.002   4.371)
1197 A f   0.858   0.000 (  0.002   4.371)
1198 H g   0.858   0.000 (  0.002   4.371)
1199 I a   0.858   0.000 (  0.002   4.371)
1200 S b   0.858   0.000 (  0.002   4.371)
1201 C c   0.858   0.000 (  0.002   4.371)
1202 L d   0.858   0.000 (  0.002   4.371)
1203 M e   0.858   0.000 (  0.002   4.371)
1204 V f   0.858   0.000 (  0.002   4.371)
1205 D g   0.858   0.000 (  0.002   4.371)
1206 G f   0.664   0.000 (  0.000   2.304)
1207 E g   0.664   0.000 (  0.000   2.304)
1208 F c   0.648   0.000 (  0.000   2.111)
1209 V a   0.620   0.000 (  0.000   1.797)
1210 P b   0.588   0.000 (  0.000   1.453)
