%
% New matrix
%
% weighted
w  14 1.89 0.30 1.04 0.27 20
w  21 1.79 0.24 0.92 0.22 25
w  28 1.74 0.20 0.86 0.18 30
uw 14 1.82 0.28 0.95 0.26 20
uw 21 1.74 0.23 0.86 0.21 25
uw 28 1.69 0.18 0.80 0.18 30
%
%   a     b     c     d     e     f     g
L 0.637634470629686 -0.648173814917214 -0.669430653942629 1.26440917312977 0.0685927914656117 -0.715392789507265 0.294905917541101
I 0.835080676448612 -1.17765549600856 -1.30933331998376 0.385262400790645 0.269263486927763 -0.816445396904439 0.0421011760186353
V 0.249201085633499 -1.50058350752202 -0.603306476560156 0.0989399478549036 -0.027371196796132 -0.886731929632611 -0.975510091534126
M 0.29266961396282 0.124868982045869 -0.970219073899711 0.669878553620591 -0.53102833108351 -0.366725279792234 -0.606969484318893
F -0.707246104939447 -1.63989711991881 -1.39432653281715 -1.43548460531066 -0.785262469467751 -2.14558134418438 -1.34707364796661
Y -0.331285709933913 -0.432322562278047 -1.12085789761543 0.112435429329788 -0.454130280089445 -0.877070018720874 -0.504181081047322
G -1.6094379124341 -1.13943428318836 -1.49165487677772 -3.14655516328857 -2.00991547903123 -0.655851395816248 -1.59948758158093
A 0.0305292050348228 0.437609561434732 0.107059072293408 -0.0397808700118446 -0.115410851511328 0.326421900767712 -0.138113302129634
K 0.183154543097847 0.0544881852840698 0.668854487990901 -0.596020469829223 0.684106435907796 0.461215123212656 0.651804217025563
R -0.00803217169726427 0.394067063155795 0.569283193337559 -0.45886588483528 0.0516432331518384 0.531804030151182 0.210260925483196
H -0.596020469829223 -0.0921152889078056 0.0980337402713654 -0.410980288796275 -0.360969868221613 0.00498754151103897 -0.791863153499103
E 0.100749903100143 0.74810873863392 0.88128512267534 -0.151986356997882 0.988053098101046 0.882527101721346 1.03211629737975
D -0.563874844855806 0.692146680226362 0.659590397031103 -1.34323487165944 -0.306525160253261 0.333611004340181 -0.0314906670913708
Q 0.402794879552285 0.982452934127824 1.08044831804044 0.465619030927911 0.86288995514704 0.885006441834389 0.976067935910016
N 0.197210169287705 0.882940752192601 0.633397176154171 -0.261364764134408 0.257738196078709 0.594982931772714 0.114221144090023
S -0.689155159290408 -0.140412153716745 -0.570929547835696 -1.03282454813011 -0.590590592234853 0.0667236320429081 -0.32989392126109
T -0.208254938820459 -0.146182510178081 -0.215671536475509 0.0168571170664228 -0.366725279792234 -0.356674943938732 -0.219400565035375
C -2.23492644452023 -6.21460809842219 -2.63108915996608 -1.18744350237473 -2.59026716544583 -6.21460809842219 -1.90380897303668
W -0.877070018720874 -2.46510402249182 -2.46510402249182 -2.60369018577797 -0.655851395816248 -1.04982212449868 -6.21460809842219
P -4.3428059215206 -3.10109278921182 -3.10109278921182 -6.21460809842219 -3.05760767727208 -3.68887945411394 -6.21460809842219
%
